Respuestas
 EFT lento :
 FM
 Columnas: 
- numero 
- estimulo 
- respuesta: 1izq 2der  
- direc: 1izq 2der  
- congruencia 1:cong 2:incong 

1	>><>>	1	1	2	
2	<<<<<	1	1	1	
3	<<<<<	1	1	1	
4	<<><<	1	2	2	
5	>><>>	1	1	2	
6	>>>>>	2	2	1	
7	>><>>	1	1	2	
8	<<<<<	1	1	1	
9	<<<<<	1	1	1	
10	>><>>	1	1	2	
11	<<<<<	1	1	1	
12	>>>>>	2	2	1	
13	>><>>	1	1	2	
14	<<><<	1	2	2	
15	<<><<	2	2	2	
16	<<><<	2	2	2	
17	>><>>	1	1	2	
18	>>>>>	2	2	1	
19	>><>>	1	1	2	
20	>><>>	2	1	2	
21	>><>>	1	1	2	
22	<<<<<	1	1	1	
23	>>>>>	2	2	1	
24	>><>>	1	1	2	
25	>><>>	2	1	2	
26	>><>>	1	1	2	
27	<<><<	1	2	2	
28	>><>>	1	1	2	
29	<<<<<	1	1	1	
30	>>>>>	2	2	1	
31	<<<<<	1	1	1	
32	>><>>	1	1	2	
33	<<<<<	1	1	1	
34	<<><<	2	2	2	
35	>>>>>	1	2	1	
36	>>>>>	2	2	1	
37	>><>>	1	1	2	
38	<<><<	2	2	2	
39	>>>>>	2	2	1	
40	>>>>>	2	2	1	
41	<<><<	1	2	2	
42	>>>>>	2	2	1	
43	<<<<<	1	1	1	
44	>>>>>	2	2	1	
45	>>>>>	2	2	1	
46	<<><<	1	2	2	
47	>><>>	2	1	2	
48	>>>>>	2	2	1	
49	<<<<<	1	1	1	
50	>><>>	2	1	2	
51	<<><<	2	2	2	
52	<<<<<	1	1	1	
53	>><>>	1	1	2	
54	>><>>	1	1	2	
55	>>>>>	2	2	1	
56	>><>>	1	1	2	
57	>><>>	1	1	2	
58	<<><<	2	2	2	
59	>>>>>	1	2	1	
60	<<><<	2	2	2	
61	<<<<<	1	1	1	
62	<<><<	2	2	2	
63	>><>>	1	1	2	
64	<<<<<	1	1	1	
65	<<><<	2	2	2	
66	>>>>>	2	2	1	
67	>>>>>	2	2	1	
68	>>>>>	2	2	1	
69	>>>>>	2	2	1	
70	>><>>	2	1	2	
71	<<><<	2	2	2	
72	>><>>	1	1	2	
73	>><>>	1	1	2	
74	>><>>	1	1	2	
75	>>>>>	2	2	1	
76	<<<<<	1	1	1	
77	>>>>>	2	2	1	
78	<<><<	2	2	2	
79	<<><<	1	2	2	
80	<<<<<	2	1	1	
81	>><>>	1	1	2	
82	<<<<<	1	1	1	
83	<<<<<	1	1	1	
84	<<<<<	1	1	1	
85	>><>>	1	1	2	
86	<<><<	1	2	2	
87	>><>>	2	1	2	
88	>>>>>	2	2	1	
89	>>>>>	2	2	1	
90	<<><<	2	2	2	
91	>><>>	1	1	2	
92	>><>>	1	1	2	
93	<<><<	1	2	2	
94	<<><<	2	2	2	
95	<<<<<	1	1	1	
96	>><>>	1	1	2	
97	<<><<	1	2	2	
98	<<<<<	1	1	1	
99	>>>>>	2	2	1	
100	>>>>>	2	2	1	
101	<<<<<	1	1	1	
102	>>>>>	2	2	1	
103	>>>>>	2	2	1	
104	>><>>	2	1	2	
105	>>>>>	2	2	1	
106	<<><<	1	2	2	
107	>><>>	2	1	2	
108	>><>>	1	1	2	
109	>><>>	1	1	2	
110	<<<<<	1	1	1	
111	<<<<<	1	1	1	
112	>><>>	1	1	2	
113	>>>>>	2	2	1	
114	>><>>	1	1	2	
115	>><>>	1	1	2	
116	>><>>	1	1	2	
117	>>>>>	2	2	1	
118	<<<<<	1	1	1	
119	>>>>>	2	2	1	
120	<<><<	1	2	2	
121	<<<<<	1	1	1	
122	<<><<	2	2	2	
123	>>>>>	2	2	1	
124	>><>>	1	1	2	
125	<<<<<	2	1	1	
126	<<<<<	1	1	1	
127	<<<<<	1	1	1	
128	<<><<	1	2	2	
129	>>>>>	2	2	1	
130	<<<<<	1	1	1	
131	<<><<	2	2	2	
132	>>>>>	2	2	1	
133	>><>>	2	1	2	
134	<<<<<	1	1	1	
135	<<<<<	1	1	1	
136	<<<<<	1	1	1	
137	>>>>>	2	2	1	
138	<<><<	2	2	2	
139	<<><<	2	2	2	
140	<<><<	2	2	2	
141	<<<<<	1	1	1	
142	<<><<	2	2	2	
143	>>>>>	2	2	1	
144	<<><<	2	2	2	
145	<<<<<	1	1	1	
146	<<<<<	1	1	1	
147	>>>>>	2	2	1	
148	<<><<	1	2	2	
149	>>>>>	2	2	1	
150	>>>>>	2	2	1	
1	<<<<<	1	1	1	
2	<<<<<	1	1	1	
3	>>>>>	2	2	1	
4	<<<<<	1	1	1	
5	<<><<	2	2	2	
6	<<<<<	1	1	1	
7	>><>>	2	1	2	
8	<<><<	1	2	2	
9	>>>>>	2	2	1	
10	>><>>	1	1	2	
11	>>>>>	2	2	1	
12	<<><<	2	2	2	
13	>>>>>	2	2	1	
14	>>>>>	2	2	1	
15	>>>>>	2	2	1	
16	<<><<	2	2	2	
17	<<><<	1	2	2	
18	<<><<	2	2	2	
19	>>>>>	2	2	1	
20	>>>>>	2	2	1	
21	>><>>	1	1	2	
22	>><>>	2	1	2	
23	>>>>>	2	2	1	
24	>><>>	2	1	2	
25	>>>>>	2	2	1	
26	>><>>	2	1	2	
27	>><>>	1	1	2	
28	<<<<<	1	1	1	
29	>>>>>	2	2	1	
30	>><>>	1	1	2	
31	<<<<<	1	1	1	
32	>>>>>	2	2	1	
33	>><>>	1	1	2	
34	>>>>>	2	2	1	
35	>><>>	1	1	2	
36	>><>>	1	1	2	
37	<<><<	2	2	2	
38	<<<<<	1	1	1	
39	<<<<<	1	1	1	
40	>><>>	1	1	2	
41	<<><<	1	2	2	
42	<<><<	2	2	2	
43	<<<<<	1	1	1	
44	>><>>	1	1	2	
45	<<><<	1	2	2	
46	<<<<<	1	1	1	
47	<<<<<	1	1	1	
48	<<><<	2	2	2	
49	<<><<	2	2	2	
50	<<><<	2	2	2	
51	<<><<	2	2	2	
52	<<<<<	2	1	1	
53	<<><<	2	2	2	
54	<<><<	1	2	2	
55	<<<<<	2	1	1	
56	>><>>	2	1	2	
57	<<><<	2	2	2	
58	<<<<<	1	1	1	
59	>>>>>	2	2	1	
60	>><>>	1	1	2	
61	<<<<<	2	1	1	
62	<<<<<	1	1	1	
63	>>>>>	2	2	1	
64	>><>>	1	1	2	
65	>>>>>	2	2	1	
66	<<<<<	1	1	1	
67	>><>>	1	1	2	
68	>>>>>	2	2	1	
69	>><>>	1	1	2	
70	>><>>	1	1	2	
71	<<<<<	1	1	1	
72	>><>>	1	1	2	
73	<<><<	1	2	2	
74	<<><<	2	2	2	
75	>><>>	1	1	2	
76	<<><<	2	2	2	
77	>><>>	1	1	2	
78	>>>>>	2	2	1	
79	>><>>	1	1	2	
80	>><>>	1	1	2	
81	>>>>>	2	2	1	
82	<<<<<	2	1	1	
83	>><>>	1	1	2	
84	<<><<	2	2	2	
85	>>>>>	2	2	1	
86	<<><<	1	2	2	
87	<<<<<	1	1	1	
88	<<<<<	1	1	1	
89	<<<<<	1	1	1	
90	<<<<<	1	1	1	
91	>><>>	2	1	2	
92	<<><<	1	2	2	
93	>>>>>	2	2	1	
94	>>>>>	2	2	1	
95	>>>>>	2	2	1	
96	<<><<	2	2	2	
97	<<<<<	1	1	1	
98	>>>>>	2	2	1	
99	>><>>	1	1	2	
100	<<><<	2	2	2	
101	<<<<<	1	1	1	
102	>><>>	1	1	2	
103	>>>>>	2	2	1	
104	>>>>>	2	2	1	
105	>><>>	1	1	2	
106	>>>>>	2	2	1	
107	>>>>>	2	2	1	
108	<<<<<	1	1	1	
109	>>>>>	2	2	1	
110	>>>>>	2	2	1	
111	<<><<	1	2	2	
112	<<<<<	2	1	1	
113	>><>>	2	1	2	
114	<<><<	2	2	2	
115	<<><<	1	2	2	
116	<<><<	2	2	2	
117	>><>>	1	1	2	
118	>>>>>	2	2	1	
119	<<><<	2	2	2	
120	>><>>	2	1	2	
121	<<<<<	1	1	1	
122	<<<<<	2	1	1	
123	>><>>	1	1	2	
124	>><>>	1	1	2	
125	>><>>	1	1	2	
126	>>>>>	2	2	1	
127	<<<<<	1	1	1	
128	>>>>>	2	2	1	
129	<<><<	2	2	2	
130	<<<<<	1	1	1	
131	>>>>>	2	2	1	
132	>>>>>	2	2	1	
133	>><>>	1	1	2	
134	>><>>	1	1	2	
135	>><>>	1	1	2	
136	>>>>>	2	2	1	
137	<<><<	1	2	2	
138	>>>>>	2	2	1	
139	>><>>	2	1	2	
140	<<<<<	1	1	1	
141	>><>>	1	1	2	
142	<<<<<	1	1	1	
143	>>>>>	2	2	1	
144	<<><<	1	2	2	
145	>>>>>	2	2	1	
146	>><>>	2	1	2	
147	>><>>	1	1	2	
148	<<><<	2	2	2	
149	>><>>	1	1	2	
150	>>>>>	2	2	1	
