Respuestas
 EFT rapido:
 FM
 Columnas: 
- numero 
- estimulo 
- respuesta: 1izq 2der  
- direc: 1izq 2der  
- congruencia 1:cong 2:incong 

1	>><>>	1	1	2	
2	<<><<	2	2	2	
3	<<<<<	1	1	1	
4	<<><<	2	2	2	
5	>>>>>	2	2	1	
6	<<><<	2	2	2	
7	<<<<<	1	1	1	
8	<<><<	2	2	2	
9	>>>>>	2	2	1	
10	<<><<	2	2	2	
11	>><>>	1	1	2	
12	>>>>>	2	2	1	
13	>><>>	1	1	2	
14	>><>>	1	1	2	
15	<<><<	2	2	2	
16	<<<<<	1	1	1	
17	<<><<	2	2	2	
18	>><>>	1	1	2	
19	<<<<<	2	1	1	
20	>><>>	1	1	2	
21	>>>>>	2	2	1	
22	<<><<	1	2	2	
23	>>>>>	2	2	1	
24	<<><<	2	2	2	
25	>><>>	1	1	2	
26	<<><<	2	2	2	
27	<<><<	2	2	2	
28	<<<<<	1	1	1	
29	<<><<	2	2	2	
30	<<><<	2	2	2	
31	<<<<<	1	1	1	
32	>>>>>	2	2	1	
33	<<<<<	1	1	1	
34	>><>>	1	1	2	
35	<<<<<	1	1	1	
36	>>>>>	2	2	1	
37	>>>>>	2	2	1	
38	<<><<	1	2	2	
39	<<><<	2	2	2	
40	<<><<	2	2	2	
41	<<><<	2	2	2	
42	>>>>>	2	2	1	
43	>><>>	1	1	2	
44	<<<<<	1	1	1	
45	>><>>	2	1	2	
46	>>>>>	1	2	1	
47	>>>>>	2	2	1	
48	>>>>>	2	2	1	
49	<<><<	2	2	2	
50	<<><<	2	2	2	
51	<<<<<	1	1	1	
52	<<<<<	1	1	1	
53	<<<<<	1	1	1	
54	<<><<	2	2	2	
55	<<><<	2	2	2	
56	>>>>>	2	2	1	
57	>><>>	2	1	2	
58	<<<<<	1	1	1	
59	<<<<<	1	1	1	
60	<<<<<	1	1	1	
61	>><>>	1	1	2	
62	>>>>>	2	2	1	
63	>><>>	2	1	2	
64	>>>>>	2	2	1	
65	<<<<<	1	1	1	
66	<<><<	2	2	2	
67	<<<<<	1	1	1	
68	<<<<<	1	1	1	
69	>><>>	1	1	2	
70	<<><<	2	2	2	
71	>>>>>	2	2	1	
72	<<><<	2	2	2	
73	>><>>	1	1	2	
74	<<<<<	2	1	1	
75	<<><<	2	2	2	
76	>><>>	1	1	2	
77	<<<<<	1	1	1	
78	<<><<	2	2	2	
79	>>>>>	2	2	1	
80	>><>>	1	1	2	
81	<<<<<	1	1	1	
82	>><>>	1	1	2	
83	<<<<<	1	1	1	
84	>><>>	1	1	2	
85	>><>>	1	1	2	
86	<<><<	2	2	2	
87	<<<<<	1	1	1	
88	<<<<<	1	1	1	
89	>>>>>	1	2	1	
90	>>>>>	2	2	1	
91	<<<<<	1	1	1	
92	<<><<	2	2	2	
93	>>>>>	2	2	1	
94	>>>>>	2	2	1	
95	<<<<<	1	1	1	
96	>>>>>	2	2	1	
97	<<<<<	1	1	1	
98	<<<<<	2	1	1	
99	>><>>	1	1	2	
100	<<<<<	1	1	1	
101	<<<<<	1	1	1	
102	<<<<<	1	1	1	
103	>>>>>	2	2	1	
104	<<><<	1	2	2	
105	>><>>	1	1	2	
106	<<><<	1	2	2	
107	>>>>>	2	2	1	
108	>>>>>	2	2	1	
109	<<><<	2	2	2	
110	<<><<	2	2	2	
111	>><>>	1	1	2	
112	>><>>	1	1	2	
113	<<><<	2	2	2	
114	>><>>	1	1	2	
115	>><>>	1	1	2	
116	<<<<<	1	1	1	
117	>><>>	1	1	2	
118	<<<<<	1	1	1	
119	>><>>	1	1	2	
120	>>>>>	2	2	1	
121	<<><<	2	2	2	
122	>><>>	2	1	2	
123	<<<<<	1	1	1	
124	<<<<<	1	1	1	
125	>>>>>	2	2	1	
126	<<><<	2	2	2	
127	>><>>	1	1	2	
128	>><>>	1	1	2	
129	<<><<	2	2	2	
130	>><>>	1	1	2	
131	>>>>>	2	2	1	
132	<<><<	1	2	2	
133	<<<<<	2	1	1	
134	>><>>	2	1	2	
135	<<<<<	1	1	1	
136	<<><<	2	2	2	
137	>><>>	1	1	2	
138	>>>>>	2	2	1	
139	<<<<<	1	1	1	
140	>><>>	1	1	2	
141	>>>>>	2	2	1	
142	<<><<	2	2	2	
143	>><>>	1	1	2	
144	>><>>	1	1	2	
145	<<><<	2	2	2	
146	>>>>>	2	2	1	
147	>>>>>	2	2	1	
148	>><>>	1	1	2	
149	<<<<<	2	1	1	
150	<<<<<	1	1	1	
1	<<<<<	2	1	1	
2	>>>>>	2	2	1	
3	>>>>>	2	2	1	
4	<<<<<	1	1	1	
5	<<><<	2	2	2	
6	>><>>	1	1	2	
7	<<<<<	1	1	1	
8	>>>>>	2	2	1	
9	<<<<<	1	1	1	
10	>>>>>	1	2	1	
11	<<><<	2	2	2	
12	>>>>>	2	2	1	
13	<<<<<	1	1	1	
14	>>>>>	2	2	1	
15	>>>>>	2	2	1	
16	>>>>>	2	2	1	
17	<<><<	2	2	2	
18	>><>>	2	1	2	
19	<<<<<	1	1	1	
20	>><>>	1	1	2	
21	>><>>	1	1	2	
22	<<><<	2	2	2	
23	>><>>	1	1	2	
24	<<<<<	1	1	1	
25	<<><<	1	2	2	
26	<<><<	2	2	2	
27	<<<<<	1	1	1	
28	<<<<<	1	1	1	
29	>><>>	1	1	2	
30	>><>>	1	1	2	
31	<<><<	2	2	2	
32	<<><<	2	2	2	
33	<<><<	2	2	2	
34	<<><<	2	2	2	
35	>><>>	1	1	2	
36	>>>>>	2	2	1	
37	<<><<	2	2	2	
38	>>>>>	2	2	1	
39	<<><<	2	2	2	
40	>>>>>	2	2	1	
41	<<><<	2	2	2	
42	<<><<	2	2	2	
43	>>>>>	2	2	1	
44	<<><<	2	2	2	
45	<<<<<	1	1	1	
46	>><>>	1	1	2	
47	<<<<<	1	1	1	
48	<<<<<	1	1	1	
49	<<<<<	1	1	1	
50	<<><<	1	2	2	
51	>><>>	2	1	2	
52	<<<<<	1	1	1	
53	<<><<	2	2	2	
54	<<<<<	1	1	1	
55	>>>>>	2	2	1	
56	<<><<	2	2	2	
57	>><>>	1	1	2	
58	<<<<<	1	1	1	
59	>>>>>	2	2	1	
60	>>>>>	2	2	1	
61	<<<<<	1	1	1	
62	<<<<<	1	1	1	
63	<<><<	2	2	2	
64	>><>>	1	1	2	
65	>>>>>	2	2	1	
66	<<><<	2	2	2	
67	>>>>>	2	2	1	
68	>><>>	1	1	2	
69	<<<<<	1	1	1	
70	>><>>	1	1	2	
71	>>>>>	2	2	1	
72	>><>>	1	1	2	
73	<<><<	2	2	2	
74	>>>>>	2	2	1	
75	>>>>>	2	2	1	
76	<<<<<	1	1	1	
77	>><>>	1	1	2	
78	>>>>>	2	2	1	
79	<<<<<	1	1	1	
80	>><>>	1	1	2	
81	>><>>	1	1	2	
82	>>>>>	2	2	1	
83	>>>>>	2	2	1	
84	<<<<<	1	1	1	
85	>>>>>	2	2	1	
86	<<<<<	1	1	1	
87	>>>>>	2	2	1	
88	>><>>	1	1	2	
89	<<<<<	1	1	1	
90	>><>>	1	1	2	
91	<<><<	1	2	2	
92	<<><<	2	2	2	
93	<<<<<	1	1	1	
94	<<<<<	1	1	1	
95	<<><<	2	2	2	
96	>>>>>	2	2	1	
97	<<<<<	1	1	1	
98	>><>>	1	1	2	
99	>><>>	1	1	2	
100	>><>>	1	1	2	
101	<<><<	2	2	2	
102	>>>>>	2	2	1	
103	>>>>>	2	2	1	
104	<<><<	2	2	2	
105	>><>>	1	1	2	
106	>>>>>	2	2	1	
107	>>>>>	1	2	1	
108	<<<<<	2	1	1	
109	<<><<	2	2	2	
110	<<><<	2	2	2	
111	>><>>	1	1	2	
112	<<<<<	1	1	1	
113	>>>>>	2	2	1	
114	<<<<<	2	1	1	
115	>>>>>	2	2	1	
116	>><>>	1	1	2	
117	<<><<	2	2	2	
118	>>>>>	2	2	1	
119	>>>>>	2	2	1	
120	>><>>	1	1	2	
121	>>>>>	2	2	1	
122	<<><<	2	2	2	
123	>>>>>	2	2	1	
124	<<<<<	1	1	1	
125	<<><<	2	2	2	
126	>>>>>	2	2	1	
127	<<<<<	1	1	1	
128	>><>>	1	1	2	
129	<<><<	2	2	2	
130	>><>>	1	1	2	
131	>>>>>	2	2	1	
132	<<<<<	1	1	1	
133	<<<<<	1	1	1	
134	<<><<	2	2	2	
135	>><>>	1	1	2	
136	<<<<<	1	1	1	
137	>>>>>	2	2	1	
138	>><>>	1	1	2	
139	<<><<	2	2	2	
140	<<><<	2	2	2	
141	<<<<<	1	1	1	
142	<<><<	2	2	2	
143	<<<<<	1	1	1	
144	>><>>	1	1	2	
145	<<<<<	1	1	1	
146	<<<<<	1	1	1	
147	<<<<<	1	1	1	
148	>><>>	1	1	2	
149	<<><<	2	2	2	
150	>>>>>	2	2	1	
