Respuestas
 EFT rapido:
 bav
 Columnas: 
- numero 
- estimulo 
- respuesta: 1izq 2der  
- direc: 1izq 2der  
- congruencia 1:cong 2:incong 

1	<<><<	0	2	2	
2	<<<<<	1	1	1	
3	>><>>	2	1	2	
4	>><>>	1	1	2	
5	>><>>	1	1	2	
6	<<><<	1	2	2	
7	>>>>>	1	2	1	
8	>><>>	1	1	2	
9	>><>>	2	1	2	
10	>><>>	1	1	2	
11	>>>>>	2	2	1	
12	>>>>>	2	2	1	
13	<<><<	2	2	2	
14	<<><<	2	2	2	
15	>><>>	1	1	2	
16	>>>>>	2	2	1	
17	<<<<<	1	1	1	
18	>><>>	2	1	2	
19	>>>>>	1	2	1	
20	<<><<	2	2	2	
21	<<><<	2	2	2	
22	<<<<<	1	1	1	
23	<<<<<	1	1	1	
24	>>>>>	2	2	1	
25	>><>>	1	1	2	
26	>>>>>	2	2	1	
27	>>>>>	1	2	1	
28	<<><<	2	2	2	
29	<<<<<	2	1	1	
30	<<<<<	1	1	1	
31	>><>>	1	1	2	
32	<<<<<	1	1	1	
33	>><>>	1	1	2	
34	<<<<<	1	1	1	
35	<<<<<	1	1	1	
36	<<><<	1	2	2	
37	>><>>	2	1	2	
38	<<<<<	1	1	1	
39	<<<<<	1	1	1	
40	<<<<<	1	1	1	
41	>><>>	1	1	2	
42	>>>>>	1	2	1	
43	>><>>	1	1	2	
44	>><>>	1	1	2	
45	>>>>>	1	2	1	
46	>>>>>	2	2	1	
47	>>>>>	2	2	1	
48	<<<<<	1	1	1	
49	<<<<<	1	1	1	
50	>><>>	1	1	2	
51	<<><<	1	2	2	
52	<<><<	1	2	2	
53	<<><<	1	2	2	
54	<<><<	1	2	2	
55	<<<<<	1	1	1	
56	>>>>>	1	2	1	
57	>>>>>	1	2	1	
58	>>>>>	2	2	1	
59	<<<<<	1	1	1	
60	>><>>	1	1	2	
61	<<<<<	1	1	1	
62	>>>>>	1	2	1	
63	>><>>	1	1	2	
64	<<><<	2	2	2	
65	>>>>>	2	2	1	
66	>>>>>	1	2	1	
67	<<<<<	1	1	1	
68	<<><<	1	2	2	
69	>><>>	1	1	2	
70	>>>>>	2	2	1	
71	>><>>	1	1	2	
72	>>>>>	2	2	1	
73	<<><<	1	2	2	
74	>><>>	1	1	2	
75	>>>>>	2	2	1	
76	<<><<	2	2	2	
77	>><>>	2	1	2	
78	<<<<<	1	1	1	
79	>><>>	1	1	2	
80	>><>>	1	1	2	
81	<<<<<	1	1	1	
82	>>>>>	2	2	1	
83	>>>>>	2	2	1	
84	<<><<	2	2	2	
85	>>>>>	2	2	1	
86	>><>>	1	1	2	
87	>>>>>	2	2	1	
88	>><>>	2	1	2	
89	<<><<	2	2	2	
90	>>>>>	2	2	1	
91	>><>>	2	1	2	
92	>><>>	2	1	2	
93	>><>>	1	1	2	
94	<<><<	1	2	2	
95	>><>>	1	1	2	
96	<<><<	2	2	2	
97	<<><<	2	2	2	
98	<<><<	2	2	2	
99	<<><<	2	2	2	
100	>>>>>	2	2	1	
101	<<><<	2	2	2	
102	>><>>	1	1	2	
103	<<><<	2	2	2	
104	<<><<	2	2	2	
105	<<><<	2	2	2	
106	>><>>	1	1	2	
107	<<<<<	1	1	1	
108	<<><<	1	2	2	
109	<<<<<	2	1	1	
110	<<><<	1	2	2	
111	>>>>>	1	2	1	
112	>><>>	1	1	2	
113	<<><<	2	2	2	
114	>>>>>	2	2	1	
115	<<><<	2	2	2	
116	>>>>>	2	2	1	
117	<<<<<	1	1	1	
118	>><>>	1	1	2	
119	<<><<	1	2	2	
120	>><>>	1	1	2	
121	>>>>>	2	2	1	
122	>>>>>	2	2	1	
123	<<<<<	1	1	1	
124	>><>>	2	1	2	
125	<<><<	1	2	2	
126	<<<<<	1	1	1	
127	<<><<	2	2	2	
128	<<><<	1	2	2	
129	>>>>>	1	2	1	
130	<<><<	1	2	2	
131	>><>>	1	1	2	
132	<<<<<	1	1	1	
133	>>>>>	2	2	1	
134	<<><<	2	2	2	
135	<<<<<	1	1	1	
136	<<<<<	1	1	1	
137	>>>>>	2	2	1	
138	<<><<	2	2	2	
139	>>>>>	2	2	1	
140	>><>>	1	1	2	
141	<<<<<	1	1	1	
142	<<><<	2	2	2	
143	>><>>	1	1	2	
144	<<<<<	1	1	1	
145	>>>>>	2	2	1	
146	<<><<	2	2	2	
147	<<><<	2	2	2	
148	<<><<	2	2	2	
149	>><>>	1	1	2	
150	<<><<	2	2	2	
1	<<<<<	1	1	1	
2	>><>>	2	1	2	
3	<<><<	2	2	2	
4	<<><<	2	2	2	
5	>><>>	1	1	2	
6	>>>>>	2	2	1	
7	<<<<<	1	1	1	
8	>>>>>	2	2	1	
9	>><>>	1	1	2	
10	>>>>>	2	2	1	
11	>>>>>	2	2	1	
12	<<<<<	1	1	1	
13	>><>>	2	1	2	
14	>><>>	1	1	2	
15	<<><<	2	2	2	
16	<<<<<	1	1	1	
17	>><>>	1	1	2	
18	>><>>	1	1	2	
19	>><>>	1	1	2	
20	>><>>	1	1	2	
21	>><>>	1	1	2	
22	>><>>	1	1	2	
23	>><>>	1	1	2	
24	<<><<	2	2	2	
25	<<><<	2	2	2	
26	>>>>>	2	2	1	
27	>><>>	2	1	2	
28	<<><<	1	2	2	
29	<<><<	2	2	2	
30	<<><<	2	2	2	
31	<<<<<	2	1	1	
32	<<><<	2	2	2	
33	<<<<<	1	1	1	
34	<<><<	2	2	2	
35	<<><<	2	2	2	
36	>><>>	2	1	2	
37	>><>>	1	1	2	
38	<<><<	2	2	2	
39	>><>>	1	1	2	
40	>>>>>	2	2	1	
41	>><>>	1	1	2	
42	>><>>	1	1	2	
43	<<><<	2	2	2	
44	>>>>>	2	2	1	
45	<<<<<	1	1	1	
46	>>>>>	2	2	1	
47	>><>>	1	1	2	
48	>><>>	2	1	2	
49	<<<<<	1	1	1	
50	>><>>	1	1	2	
51	<<><<	2	2	2	
52	<<><<	2	2	2	
53	>><>>	1	1	2	
54	<<<<<	1	1	1	
55	<<><<	1	2	2	
56	>><>>	1	1	2	
57	>><>>	1	1	2	
58	>><>>	2	1	2	
59	<<><<	1	2	2	
60	<<<<<	1	1	1	
61	<<<<<	1	1	1	
62	<<<<<	1	1	1	
63	<<<<<	1	1	1	
64	>><>>	1	1	2	
65	<<><<	2	2	2	
66	<<<<<	1	1	1	
67	>>>>>	2	2	1	
68	>>>>>	2	2	1	
69	<<><<	1	2	2	
70	<<<<<	1	1	1	
71	>><>>	2	1	2	
72	<<<<<	1	1	1	
73	>>>>>	1	2	1	
74	>>>>>	2	2	1	
75	<<<<<	1	1	1	
76	>>>>>	2	2	1	
77	<<><<	2	2	2	
78	<<><<	1	2	2	
79	>>>>>	1	2	1	
80	>>>>>	1	2	1	
81	<<<<<	1	1	1	
82	>><>>	1	1	2	
83	<<<<<	1	1	1	
84	>>>>>	2	2	1	
85	<<><<	2	2	2	
86	<<<<<	1	1	1	
87	>><>>	2	1	2	
88	<<><<	1	2	2	
89	>><>>	2	1	2	
90	<<<<<	1	1	1	
91	<<<<<	1	1	1	
92	>>>>>	2	2	1	
93	>>>>>	1	2	1	
94	<<><<	2	2	2	
95	<<<<<	1	1	1	
96	>>>>>	2	2	1	
97	>><>>	1	1	2	
98	<<><<	2	2	2	
99	<<><<	2	2	2	
100	>><>>	1	1	2	
101	<<><<	2	2	2	
102	<<><<	2	2	2	
103	<<<<<	1	1	1	
104	<<><<	1	2	2	
105	>>>>>	2	2	1	
106	<<<<<	1	1	1	
107	>>>>>	2	2	1	
108	>>>>>	2	2	1	
109	<<><<	2	2	2	
110	<<><<	2	2	2	
111	<<><<	2	2	2	
112	<<<<<	1	1	1	
113	<<<<<	1	1	1	
114	<<<<<	1	1	1	
115	<<<<<	1	1	1	
116	>>>>>	2	2	1	
117	<<><<	2	2	2	
118	<<<<<	1	1	1	
119	<<<<<	1	1	1	
120	<<<<<	1	1	1	
121	>><>>	1	1	2	
122	<<<<<	1	1	1	
123	<<<<<	1	1	1	
124	<<><<	1	2	2	
125	<<><<	2	2	2	
126	<<<<<	1	1	1	
127	>>>>>	2	2	1	
128	<<<<<	1	1	1	
129	<<<<<	1	1	1	
130	<<><<	1	2	2	
131	<<><<	2	2	2	
132	>>>>>	2	2	1	
133	<<<<<	1	1	1	
134	>><>>	2	1	2	
135	<<<<<	1	1	1	
136	>><>>	1	1	2	
137	>>>>>	2	2	1	
138	>><>>	1	1	2	
139	<<><<	2	2	2	
140	>>>>>	1	2	1	
141	>>>>>	2	2	1	
142	>>>>>	2	2	1	
143	<<<<<	1	1	1	
144	<<<<<	1	1	1	
145	<<<<<	1	1	1	
146	>>>>>	2	2	1	
147	<<><<	2	2	2	
148	>>>>>	2	2	1	
149	>>>>>	2	2	1	
150	<<><<	2	2	2	
