Respuestas
 EFT lento :
 bav
 Columnas: 
- numero 
- estimulo 
- respuesta: 1izq 2der  
- direc: 1izq 2der  
- congruencia 1:cong 2:incong 

1	<<><<	2	2	2	
2	<<><<	1	2	2	
3	<<<<<	1	1	1	
4	>><>>	2	1	2	
5	>><>>	1	1	2	
6	<<><<	2	2	2	
7	>><>>	2	1	2	
8	>><>>	1	1	2	
9	<<><<	1	2	2	
10	<<><<	2	2	2	
11	>><>>	1	1	2	
12	>>>>>	2	2	1	
13	>>>>>	2	2	1	
14	<<><<	2	2	2	
15	>>>>>	2	2	1	
16	>><>>	2	1	2	
17	<<<<<	1	1	1	
18	>><>>	1	1	2	
19	>>>>>	2	2	1	
20	>><>>	1	1	2	
21	<<><<	2	2	2	
22	>><>>	1	1	2	
23	>>>>>	2	2	1	
24	>><>>	1	1	2	
25	>>>>>	2	2	1	
26	<<><<	2	2	2	
27	>><>>	1	1	2	
28	>>>>>	2	2	1	
29	>><>>	2	1	2	
30	<<><<	1	2	2	
31	>>>>>	2	2	1	
32	<<<<<	1	1	1	
33	<<<<<	1	1	1	
34	>><>>	1	1	2	
35	<<><<	2	2	2	
36	>>>>>	2	2	1	
37	<<><<	2	2	2	
38	<<<<<	1	1	1	
39	>>>>>	1	2	1	
40	>>>>>	2	2	1	
41	<<<<<	1	1	1	
42	<<<<<	1	1	1	
43	>><>>	1	1	2	
44	<<><<	1	2	2	
45	>>>>>	2	2	1	
46	>><>>	2	1	2	
47	>><>>	1	1	2	
48	>>>>>	2	2	1	
49	>><>>	1	1	2	
50	<<><<	1	2	2	
51	>>>>>	1	2	1	
52	<<><<	2	2	2	
53	>><>>	1	1	2	
54	>>>>>	2	2	1	
55	<<><<	2	2	2	
56	<<><<	2	2	2	
57	<<><<	2	2	2	
58	>><>>	2	1	2	
59	>><>>	1	1	2	
60	>><>>	1	1	2	
61	<<><<	1	2	2	
62	>>>>>	1	2	1	
63	<<><<	2	2	2	
64	>>>>>	2	2	1	
65	<<<<<	1	1	1	
66	>>>>>	1	2	1	
67	>><>>	1	1	2	
68	>>>>>	2	2	1	
69	>><>>	1	1	2	
70	<<<<<	1	1	1	
71	<<<<<	1	1	1	
72	>>>>>	2	2	1	
73	>>>>>	2	2	1	
74	>>>>>	2	2	1	
75	<<<<<	1	1	1	
76	<<<<<	1	1	1	
77	>><>>	2	1	2	
78	>><>>	1	1	2	
79	<<<<<	1	1	1	
80	>>>>>	2	2	1	
81	>><>>	2	1	2	
82	<<<<<	1	1	1	
83	>>>>>	2	2	1	
84	>>>>>	2	2	1	
85	>>>>>	2	2	1	
86	<<<<<	2	1	1	
87	>><>>	2	1	2	
88	<<<<<	2	1	1	
89	>>>>>	2	2	1	
90	>><>>	1	1	2	
91	>>>>>	1	2	1	
92	>>>>>	2	2	1	
93	<<<<<	1	1	1	
94	>><>>	1	1	2	
95	>><>>	1	1	2	
96	>>>>>	2	2	1	
97	>>>>>	2	2	1	
98	<<<<<	1	1	1	
99	<<<<<	1	1	1	
100	>>>>>	1	2	1	
101	<<<<<	1	1	1	
102	>>>>>	1	2	1	
103	<<<<<	1	1	1	
104	>><>>	2	1	2	
105	<<<<<	1	1	1	
106	<<><<	1	2	2	
107	<<<<<	1	1	1	
108	>><>>	1	1	2	
109	<<<<<	1	1	1	
110	>>>>>	1	2	1	
111	<<><<	1	2	2	
112	<<><<	1	2	2	
113	>>>>>	1	2	1	
114	>><>>	1	1	2	
115	>><>>	1	1	2	
116	>><>>	1	1	2	
117	<<><<	1	2	2	
118	<<<<<	1	1	1	
119	>><>>	1	1	2	
120	>><>>	1	1	2	
121	>>>>>	1	2	1	
122	<<<<<	1	1	1	
123	>><>>	2	1	2	
124	<<<<<	2	1	1	
125	<<><<	2	2	2	
126	>><>>	2	1	2	
127	>>>>>	1	2	1	
128	>>>>>	2	2	1	
129	<<><<	2	2	2	
130	<<<<<	1	1	1	
131	>><>>	1	1	2	
132	>><>>	1	1	2	
133	<<<<<	2	1	1	
134	<<<<<	1	1	1	
135	<<><<	1	2	2	
136	>><>>	1	1	2	
137	>><>>	1	1	2	
138	>><>>	1	1	2	
139	<<<<<	1	1	1	
140	>>>>>	1	2	1	
141	<<<<<	1	1	1	
142	<<<<<	1	1	1	
143	>><>>	1	1	2	
144	<<><<	1	2	2	
145	<<><<	1	2	2	
146	<<><<	1	2	2	
147	<<<<<	1	1	1	
148	<<><<	1	2	2	
149	<<<<<	1	1	1	
150	>><>>	1	1	2	
1	<<<<<	1	1	1	
2	<<<<<	1	1	1	
3	>>>>>	2	2	1	
4	<<<<<	1	1	1	
5	<<><<	2	2	2	
6	<<<<<	1	1	1	
7	<<<<<	1	1	1	
8	>>>>>	1	2	1	
9	<<<<<	1	1	1	
10	>><>>	1	1	2	
11	>><>>	1	1	2	
12	>>>>>	1	2	1	
13	>>>>>	2	2	1	
14	<<><<	1	2	2	
15	>><>>	2	1	2	
16	>><>>	1	1	2	
17	>>>>>	2	2	1	
18	<<><<	1	2	2	
19	>>>>>	1	2	1	
20	>>>>>	2	2	1	
21	>>>>>	2	2	1	
22	<<<<<	1	1	1	
23	<<<<<	1	1	1	
24	<<<<<	1	1	1	
25	>><>>	1	1	2	
26	<<><<	2	2	2	
27	>><>>	1	1	2	
28	>>>>>	2	2	1	
29	>>>>>	2	2	1	
30	<<><<	2	2	2	
31	>><>>	2	1	2	
32	<<><<	2	2	2	
33	>><>>	2	1	2	
34	>><>>	2	1	2	
35	<<><<	1	2	2	
36	>>>>>	2	2	1	
37	>>>>>	2	2	1	
38	<<><<	2	2	2	
39	>><>>	1	1	2	
40	>><>>	2	1	2	
41	>>>>>	2	2	1	
42	<<><<	2	2	2	
43	<<><<	2	2	2	
44	<<<<<	1	1	1	
45	>>>>>	2	2	1	
46	>><>>	1	1	2	
47	<<<<<	2	1	1	
48	<<><<	2	2	2	
49	>><>>	2	1	2	
50	<<><<	2	2	2	
51	>>>>>	2	2	1	
52	<<<<<	1	1	1	
53	<<<<<	1	1	1	
54	<<<<<	1	1	1	
55	<<><<	2	2	2	
56	>>>>>	2	2	1	
57	<<<<<	1	1	1	
58	>><>>	2	1	2	
59	<<><<	2	2	2	
60	>><>>	1	1	2	
61	<<<<<	1	1	1	
62	<<><<	1	2	2	
63	<<<<<	1	1	1	
64	<<<<<	1	1	1	
65	<<<<<	1	1	1	
66	<<><<	1	2	2	
67	>>>>>	2	2	1	
68	<<><<	2	2	2	
69	>>>>>	2	2	1	
70	<<<<<	1	1	1	
71	>><>>	1	1	2	
72	>>>>>	2	2	1	
73	<<><<	2	2	2	
74	>><>>	1	1	2	
75	>>>>>	2	2	1	
76	<<><<	1	2	2	
77	>>>>>	2	2	1	
78	<<><<	2	2	2	
79	>>>>>	2	2	1	
80	<<<<<	1	1	1	
81	>>>>>	2	2	1	
82	>>>>>	2	2	1	
83	>>>>>	2	2	1	
84	<<><<	1	2	2	
85	>>>>>	2	2	1	
86	>>>>>	2	2	1	
87	>><>>	2	1	2	
88	<<<<<	1	1	1	
89	<<<<<	1	1	1	
90	<<<<<	1	1	1	
91	<<><<	1	2	2	
92	>><>>	1	1	2	
93	>><>>	1	1	2	
94	>><>>	1	1	2	
95	>>>>>	2	2	1	
96	<<<<<	1	1	1	
97	>>>>>	2	2	1	
98	<<><<	2	2	2	
99	>><>>	1	1	2	
100	>>>>>	2	2	1	
101	<<<<<	1	1	1	
102	>><>>	1	1	2	
103	>>>>>	2	2	1	
104	<<><<	2	2	2	
105	>>>>>	2	2	1	
106	<<<<<	1	1	1	
107	>>>>>	2	2	1	
108	<<<<<	1	1	1	
109	>><>>	1	1	2	
110	<<<<<	1	1	1	
111	<<<<<	1	1	1	
112	>>>>>	1	2	1	
113	<<><<	2	2	2	
114	<<<<<	2	1	1	
115	>>>>>	2	2	1	
116	<<><<	1	2	2	
117	>>>>>	2	2	1	
118	<<><<	2	2	2	
119	<<><<	2	2	2	
120	<<<<<	2	1	1	
121	>>>>>	2	2	1	
122	>><>>	2	1	2	
123	>>>>>	2	2	1	
124	<<><<	1	2	2	
125	<<><<	2	2	2	
126	>><>>	1	1	2	
127	<<><<	2	2	2	
128	<<<<<	1	1	1	
129	>><>>	1	1	2	
130	<<<<<	1	1	1	
131	>><>>	1	1	2	
132	<<<<<	1	1	1	
133	>><>>	2	1	2	
134	>><>>	1	1	2	
135	>><>>	2	1	2	
136	>><>>	1	1	2	
137	<<><<	1	2	2	
138	<<><<	1	2	2	
139	>>>>>	2	2	1	
140	<<><<	1	2	2	
141	>><>>	1	1	2	
142	>><>>	2	1	2	
143	<<><<	2	2	2	
144	<<><<	1	2	2	
145	<<<<<	1	1	1	
146	>><>>	1	1	2	
147	>><>>	1	1	2	
148	>><>>	1	1	2	
149	<<<<<	1	1	1	
150	<<<<<	1	1	1	
