Respuestas
 EFT lento :
 HV
 Columnas: 
- numero 
- estimulo 
- respuesta: 1izq 2der  
- direc: 1izq 2der  
- congruencia 1:cong 2:incong 

1	>><>>	1	1	2	
2	<<><<	2	2	2	
3	>><>>	1	1	2	
4	>><>>	1	1	2	
5	>>>>>	2	2	1	
6	>><>>	1	1	2	
7	>>>>>	2	2	1	
8	>><>>	1	1	2	
9	>><>>	2	1	2	
10	<<<<<	1	1	1	
11	<<><<	1	2	2	
12	<<><<	2	2	2	
13	>><>>	1	1	2	
14	<<><<	1	2	2	
15	>>>>>	1	2	1	
16	<<<<<	1	1	1	
17	>>>>>	2	2	1	
18	>><>>	1	1	2	
19	<<><<	2	2	2	
20	<<<<<	1	1	1	
21	<<<<<	2	1	1	
22	<<<<<	1	1	1	
23	<<><<	2	2	2	
24	>>>>>	1	2	1	
25	>><>>	2	1	2	
26	<<<<<	1	1	1	
27	<<><<	1	2	2	
28	>><>>	1	1	2	
29	>><>>	2	1	2	
30	<<><<	2	2	2	
31	<<><<	1	2	2	
32	<<><<	2	2	2	
33	>>>>>	2	2	1	
34	>><>>	2	1	2	
35	>>>>>	2	2	1	
36	<<<<<	1	1	1	
37	>><>>	2	1	2	
38	<<><<	1	2	2	
39	>><>>	2	1	2	
40	>><>>	2	1	2	
41	>>>>>	2	2	1	
42	>>>>>	2	2	1	
43	<<<<<	1	1	1	
44	>><>>	2	1	2	
45	>><>>	1	1	2	
46	>><>>	2	1	2	
47	<<><<	1	2	2	
48	<<<<<	2	1	1	
49	<<<<<	1	1	1	
50	>><>>	2	1	2	
51	<<><<	1	2	2	
52	>><>>	2	1	2	
53	>>>>>	2	2	1	
54	<<><<	2	2	2	
55	<<><<	2	2	2	
56	>><>>	1	1	2	
57	>><>>	2	1	2	
58	<<><<	1	2	2	
59	<<<<<	1	1	1	
60	<<<<<	1	1	1	
61	>>>>>	1	2	1	
62	<<<<<	2	1	1	
63	<<<<<	1	1	1	
64	<<<<<	2	1	1	
65	<<<<<	1	1	1	
66	<<<<<	1	1	1	
67	>>>>>	2	2	1	
68	<<<<<	1	1	1	
69	<<><<	2	2	2	
70	>><>>	1	1	2	
71	>>>>>	2	2	1	
72	>>>>>	1	2	1	
73	>>>>>	1	2	1	
74	>><>>	2	1	2	
75	<<><<	2	2	2	
76	>><>>	2	1	2	
77	>><>>	1	1	2	
78	>>>>>	2	2	1	
79	>><>>	2	1	2	
80	<<><<	2	2	2	
81	<<><<	2	2	2	
82	>><>>	2	1	2	
83	>><>>	1	1	2	
84	<<><<	1	2	2	
85	>>>>>	2	2	1	
86	<<><<	1	2	2	
87	<<><<	2	2	2	
88	>><>>	1	1	2	
89	<<<<<	1	1	1	
90	>>>>>	2	2	1	
91	<<><<	1	2	2	
92	<<><<	2	2	2	
93	<<><<	2	2	2	
94	>>>>>	2	2	1	
95	>>>>>	2	2	1	
96	<<<<<	2	1	1	
97	<<<<<	2	1	1	
98	<<><<	2	2	2	
99	>>>>>	2	2	1	
100	>><>>	2	1	2	
101	>>>>>	2	2	1	
102	<<<<<	2	1	1	
103	<<<<<	1	1	1	
104	<<><<	2	2	2	
105	>><>>	1	1	2	
106	<<<<<	1	1	1	
107	<<><<	2	2	2	
108	>>>>>	2	2	1	
109	<<<<<	1	1	1	
110	>><>>	1	1	2	
111	<<<<<	2	1	1	
112	<<<<<	1	1	1	
113	<<><<	2	2	2	
114	>>>>>	2	2	1	
115	<<><<	2	2	2	
116	>><>>	1	1	2	
117	>>>>>	2	2	1	
118	>>>>>	2	2	1	
119	>>>>>	2	2	1	
120	<<<<<	1	1	1	
121	<<><<	2	2	2	
122	<<><<	2	2	2	
123	<<<<<	1	1	1	
124	<<<<<	1	1	1	
125	>>>>>	1	2	1	
126	>>>>>	2	2	1	
127	<<<<<	1	1	1	
128	<<><<	2	2	2	
129	>>>>>	2	2	1	
130	<<><<	2	2	2	
131	>>>>>	2	2	1	
132	>>>>>	2	2	1	
133	<<<<<	2	1	1	
134	>><>>	1	1	2	
135	>><>>	1	1	2	
136	<<<<<	1	1	1	
137	>><>>	2	1	2	
138	<<<<<	1	1	1	
139	<<<<<	1	1	1	
140	<<<<<	1	1	1	
141	<<<<<	1	1	1	
142	>><>>	1	1	2	
143	>>>>>	2	2	1	
144	>>>>>	2	2	1	
145	<<<<<	2	1	1	
146	>>>>>	2	2	1	
147	<<<<<	2	1	1	
148	<<><<	1	2	2	
149	>><>>	1	1	2	
150	>><>>	1	1	2	
1	>><>>	1	1	2	
2	>><>>	1	1	2	
3	<<<<<	1	1	1	
4	<<<<<	1	1	1	
5	<<><<	2	2	2	
6	<<<<<	1	1	1	
7	<<<<<	1	1	1	
8	>><>>	1	1	2	
9	>><>>	1	1	2	
10	>>>>>	2	2	1	
11	<<><<	2	2	2	
12	<<><<	1	2	2	
13	<<><<	2	2	2	
14	>>>>>	2	2	1	
15	>><>>	2	1	2	
16	<<><<	1	2	2	
17	<<<<<	2	1	1	
18	<<<<<	1	1	1	
19	<<><<	2	2	2	
20	>><>>	1	1	2	
21	<<<<<	2	1	1	
22	>>>>>	2	2	1	
23	<<<<<	2	1	1	
24	>><>>	2	1	2	
25	<<><<	1	2	2	
26	>><>>	2	1	2	
27	>><>>	1	1	2	
28	>>>>>	2	2	1	
29	<<<<<	1	1	1	
30	>>>>>	2	2	1	
31	>>>>>	2	2	1	
32	>>>>>	2	2	1	
33	>>>>>	2	2	1	
34	>><>>	1	1	2	
35	>><>>	1	1	2	
36	>>>>>	2	2	1	
37	>><>>	2	1	2	
38	>><>>	2	1	2	
39	>><>>	1	1	2	
40	<<<<<	1	1	1	
41	<<><<	2	2	2	
42	>>>>>	2	2	1	
43	<<<<<	1	1	1	
44	>><>>	2	1	2	
45	>>>>>	2	2	1	
46	>><>>	1	1	2	
47	<<><<	2	2	2	
48	<<><<	2	2	2	
49	<<<<<	1	1	1	
50	<<<<<	1	1	1	
51	<<<<<	1	1	1	
52	>><>>	1	1	2	
53	>>>>>	2	2	1	
54	>><>>	2	1	2	
55	>><>>	2	1	2	
56	>><>>	1	1	2	
57	>>>>>	2	2	1	
58	>>>>>	1	2	1	
59	>><>>	1	1	2	
60	<<><<	1	2	2	
61	>>>>>	2	2	1	
62	<<><<	1	2	2	
63	<<><<	2	2	2	
64	<<<<<	1	1	1	
65	<<><<	1	2	2	
66	>>>>>	2	2	1	
67	>>>>>	2	2	1	
68	>>>>>	2	2	1	
69	>>>>>	2	2	1	
70	<<><<	1	2	2	
71	<<<<<	1	1	1	
72	<<<<<	1	1	1	
73	<<><<	2	2	2	
74	>><>>	1	1	2	
75	<<<<<	1	1	1	
76	>>>>>	2	2	1	
77	<<><<	2	2	2	
78	<<><<	2	2	2	
79	>><>>	2	1	2	
80	>><>>	1	1	2	
81	<<><<	2	2	2	
82	>>>>>	2	2	1	
83	>>>>>	2	2	1	
84	>>>>>	2	2	1	
85	<<><<	2	2	2	
86	>><>>	2	1	2	
87	>><>>	2	1	2	
88	<<><<	2	2	2	
89	>><>>	2	1	2	
90	>><>>	2	1	2	
91	>>>>>	2	2	1	
92	>>>>>	2	2	1	
93	<<><<	2	2	2	
94	<<<<<	2	1	1	
95	>>>>>	2	2	1	
96	<<><<	2	2	2	
97	>>>>>	2	2	1	
98	>>>>>	2	2	1	
99	<<<<<	1	1	1	
100	<<><<	1	2	2	
101	<<<<<	1	1	1	
102	>><>>	1	1	2	
103	>><>>	1	1	2	
104	>>>>>	2	2	1	
105	>>>>>	2	2	1	
106	<<<<<	1	1	1	
107	>>>>>	2	2	1	
108	>><>>	1	1	2	
109	>>>>>	2	2	1	
110	<<<<<	2	1	1	
111	>><>>	2	1	2	
112	<<><<	2	2	2	
113	<<><<	2	2	2	
114	>><>>	2	1	2	
115	>><>>	1	1	2	
116	<<<<<	2	1	1	
117	>>>>>	2	2	1	
118	<<<<<	1	1	1	
119	>><>>	1	1	2	
120	>>>>>	2	2	1	
121	>>>>>	2	2	1	
122	>>>>>	2	2	1	
123	<<><<	2	2	2	
124	>>>>>	2	2	1	
125	>><>>	2	1	2	
126	>>>>>	2	2	1	
127	<<><<	2	2	2	
128	<<><<	2	2	2	
129	<<><<	2	2	2	
130	<<><<	2	2	2	
131	>>>>>	2	2	1	
132	>>>>>	2	2	1	
133	<<<<<	1	1	1	
134	>><>>	1	1	2	
135	<<<<<	1	1	1	
136	<<<<<	1	1	1	
137	>><>>	2	1	2	
138	<<<<<	1	1	1	
139	>>>>>	1	2	1	
140	>><>>	2	1	2	
141	<<><<	2	2	2	
142	<<><<	2	2	2	
143	<<><<	2	2	2	
144	<<<<<	2	1	1	
145	>><>>	1	1	2	
146	>>>>>	2	2	1	
147	>><>>	1	1	2	
148	>><>>	2	1	2	
149	>><>>	2	1	2	
150	>>>>>	2	2	1	
