Respuestas
 EFT rapido:
 HV
 Columnas: 
- numero 
- estimulo 
- respuesta: 1izq 2der  
- direc: 1izq 2der  
- congruencia 1:cong 2:incong 

1	<<><<	0	2	2	
2	>>>>>	0	2	1	
3	>><>>	1	1	2	
4	<<<<<	1	1	1	
5	>>>>>	2	2	1	
6	<<><<	1	2	2	
7	<<<<<	2	1	1	
8	<<><<	1	2	2	
9	>>>>>	2	2	1	
10	>><>>	1	1	2	
11	<<><<	2	2	2	
12	<<<<<	1	1	1	
13	<<><<	2	2	2	
14	<<<<<	1	1	1	
15	<<><<	1	2	2	
16	<<<<<	2	1	1	
17	<<><<	1	2	2	
18	<<<<<	1	1	1	
19	<<<<<	1	1	1	
20	>>>>>	2	2	1	
21	<<><<	1	2	2	
22	>>>>>	2	2	1	
23	<<<<<	1	1	1	
24	<<<<<	2	1	1	
25	>>>>>	1	2	1	
26	>>>>>	1	2	1	
27	<<<<<	1	1	1	
28	>>>>>	2	2	1	
29	<<><<	2	2	2	
30	>>>>>	1	2	1	
31	>>>>>	2	2	1	
32	>><>>	2	1	2	
33	>><>>	2	1	2	
34	<<<<<	2	1	1	
35	<<><<	2	2	2	
36	<<><<	2	2	2	
37	>><>>	1	1	2	
38	>>>>>	1	2	1	
39	>><>>	1	1	2	
40	>><>>	1	1	2	
41	>><>>	1	1	2	
42	>>>>>	1	2	1	
43	<<<<<	1	1	1	
44	<<><<	2	2	2	
45	<<<<<	2	1	1	
46	<<<<<	1	1	1	
47	>>>>>	1	2	1	
48	>><>>	1	1	2	
49	<<<<<	1	1	1	
50	<<><<	1	2	2	
51	>>>>>	2	2	1	
52	<<><<	2	2	2	
53	<<><<	1	2	2	
54	>>>>>	2	2	1	
55	<<><<	1	2	2	
56	<<<<<	2	1	1	
57	>>>>>	2	2	1	
58	>><>>	1	1	2	
59	>>>>>	2	2	1	
60	<<<<<	1	1	1	
61	>><>>	2	1	2	
62	>><>>	1	1	2	
63	>>>>>	2	2	1	
64	>>>>>	2	2	1	
65	<<><<	1	2	2	
66	<<><<	2	2	2	
67	<<<<<	1	1	1	
68	>><>>	1	1	2	
69	>>>>>	2	2	1	
70	<<<<<	1	1	1	
71	>><>>	2	1	2	
72	>>>>>	1	2	1	
73	<<<<<	1	1	1	
74	>><>>	2	1	2	
75	<<><<	1	2	2	
76	>>>>>	1	2	1	
77	>><>>	1	1	2	
78	>><>>	1	1	2	
79	<<><<	2	2	2	
80	<<><<	1	2	2	
81	<<<<<	1	1	1	
82	>><>>	2	1	2	
83	>>>>>	2	2	1	
84	<<<<<	2	1	1	
85	>><>>	2	1	2	
86	>>>>>	1	2	1	
87	>><>>	1	1	2	
88	>>>>>	1	2	1	
89	<<<<<	2	1	1	
90	<<><<	2	2	2	
91	<<<<<	2	1	1	
92	<<<<<	1	1	1	
93	<<<<<	1	1	1	
94	<<><<	1	2	2	
95	<<<<<	2	1	1	
96	>><>>	1	1	2	
97	>>>>>	2	2	1	
98	<<><<	1	2	2	
99	<<><<	2	2	2	
100	>>>>>	2	2	1	
101	<<><<	1	2	2	
102	<<<<<	1	1	1	
103	>>>>>	1	2	1	
104	>><>>	1	1	2	
105	<<><<	2	2	2	
106	<<><<	2	2	2	
107	<<<<<	2	1	1	
108	>>>>>	2	2	1	
109	>>>>>	2	2	1	
110	>>>>>	2	2	1	
111	<<><<	2	2	2	
112	<<<<<	2	1	1	
113	>>>>>	2	2	1	
114	<<<<<	2	1	1	
115	<<<<<	2	1	1	
116	<<<<<	2	1	1	
117	>><>>	2	1	2	
118	>><>>	2	1	2	
119	>><>>	1	1	2	
120	>><>>	2	1	2	
121	>>>>>	1	2	1	
122	>>>>>	2	2	1	
123	<<<<<	1	1	1	
124	<<<<<	1	1	1	
125	>><>>	1	1	2	
126	<<<<<	1	1	1	
127	<<><<	1	2	2	
128	<<<<<	1	1	1	
129	>><>>	2	1	2	
130	<<><<	2	2	2	
131	<<><<	1	2	2	
132	<<><<	1	2	2	
133	>>>>>	1	2	1	
134	>>>>>	1	2	1	
135	<<<<<	1	1	1	
136	<<><<	2	2	2	
137	<<><<	2	2	2	
138	>><>>	1	1	2	
139	>><>>	1	1	2	
140	>><>>	2	1	2	
141	>><>>	2	1	2	
142	>><>>	2	1	2	
143	>><>>	2	1	2	
144	>><>>	1	1	2	
145	<<<<<	1	1	1	
146	<<<<<	2	1	1	
147	<<<<<	1	1	1	
148	>>>>>	2	2	1	
149	<<><<	1	2	2	
150	>>>>>	2	2	1	
1	>>>>>	2	2	1	
2	<<<<<	1	1	1	
3	>><>>	2	1	2	
4	>><>>	1	1	2	
5	>>>>>	1	2	1	
6	>>>>>	2	2	1	
7	<<><<	1	2	2	
8	<<><<	2	2	2	
9	>><>>	1	1	2	
10	>><>>	2	1	2	
11	<<<<<	1	1	1	
12	>>>>>	1	2	1	
13	<<><<	1	2	2	
14	<<<<<	2	1	1	
15	>>>>>	2	2	1	
16	<<<<<	1	1	1	
17	>><>>	2	1	2	
18	>>>>>	1	2	1	
19	>><>>	2	1	2	
20	<<<<<	1	1	1	
21	>>>>>	2	2	1	
22	<<><<	1	2	2	
23	<<><<	1	2	2	
24	>>>>>	1	2	1	
25	<<<<<	2	1	1	
26	<<><<	1	2	2	
27	>><>>	2	1	2	
28	>><>>	1	1	2	
29	>>>>>	2	2	1	
30	<<><<	2	2	2	
31	>>>>>	2	2	1	
32	<<<<<	2	1	1	
33	<<<<<	1	1	1	
34	<<<<<	2	1	1	
35	<<<<<	1	1	1	
36	<<<<<	1	1	1	
37	<<<<<	1	1	1	
38	<<><<	2	2	2	
39	<<><<	2	2	2	
40	>>>>>	2	2	1	
41	<<><<	1	2	2	
42	<<<<<	2	1	1	
43	>><>>	2	1	2	
44	<<><<	1	2	2	
45	>><>>	1	1	2	
46	<<<<<	1	1	1	
47	>><>>	1	1	2	
48	<<><<	1	2	2	
49	<<><<	1	2	2	
50	<<<<<	2	1	1	
51	>>>>>	2	2	1	
52	<<><<	1	2	2	
53	>><>>	1	1	2	
54	>>>>>	1	2	1	
55	<<><<	1	2	2	
56	<<><<	1	2	2	
57	<<><<	1	2	2	
58	<<><<	1	2	2	
59	>><>>	1	1	2	
60	>><>>	2	1	2	
61	>><>>	1	1	2	
62	<<><<	1	2	2	
63	>>>>>	2	2	1	
64	>>>>>	2	2	1	
65	>>>>>	1	2	1	
66	>>>>>	2	2	1	
67	>>>>>	2	2	1	
68	>>>>>	2	2	1	
69	<<><<	1	2	2	
70	<<><<	2	2	2	
71	<<<<<	1	1	1	
72	>>>>>	2	2	1	
73	<<<<<	1	1	1	
74	>><>>	2	1	2	
75	>>>>>	1	2	1	
76	>>>>>	2	2	1	
77	>>>>>	2	2	1	
78	>><>>	2	1	2	
79	<<><<	1	2	2	
80	>>>>>	2	2	1	
81	<<><<	1	2	2	
82	>><>>	1	1	2	
83	<<<<<	2	1	1	
84	>>>>>	2	2	1	
85	<<<<<	1	1	1	
86	<<><<	2	2	2	
87	<<<<<	1	1	1	
88	<<><<	1	2	2	
89	<<<<<	2	1	1	
90	>>>>>	1	2	1	
91	>><>>	2	1	2	
92	<<<<<	1	1	1	
93	>><>>	2	1	2	
94	<<><<	2	2	2	
95	<<<<<	2	1	1	
96	<<<<<	2	1	1	
97	>><>>	2	1	2	
98	>><>>	2	1	2	
99	<<<<<	1	1	1	
100	<<><<	2	2	2	
101	<<<<<	2	1	1	
102	<<<<<	1	1	1	
103	<<><<	2	2	2	
104	>><>>	1	1	2	
105	<<<<<	2	1	1	
106	>>>>>	1	2	1	
107	>><>>	1	1	2	
108	>><>>	1	1	2	
109	>><>>	1	1	2	
110	<<><<	1	2	2	
111	<<><<	1	2	2	
112	<<<<<	1	1	1	
113	<<<<<	1	1	1	
114	<<<<<	1	1	1	
115	>><>>	1	1	2	
116	>><>>	1	1	2	
117	>><>>	1	1	2	
118	>><>>	1	1	2	
119	<<><<	1	2	2	
120	<<<<<	2	1	1	
121	<<><<	1	2	2	
122	>><>>	2	1	2	
123	<<<<<	2	1	1	
124	<<><<	2	2	2	
125	<<><<	1	2	2	
126	<<><<	1	2	2	
127	<<<<<	1	1	1	
128	<<><<	2	2	2	
129	>><>>	2	1	2	
130	<<<<<	1	1	1	
131	<<><<	2	2	2	
132	>><>>	1	1	2	
133	>><>>	1	1	2	
134	>>>>>	1	2	1	
135	<<<<<	1	1	1	
136	>><>>	1	1	2	
137	>><>>	2	1	2	
138	<<><<	2	2	2	
139	>>>>>	2	2	1	
140	<<><<	1	2	2	
141	>>>>>	2	2	1	
142	<<<<<	1	1	1	
143	<<><<	1	2	2	
144	>>>>>	2	2	1	
145	<<<<<	1	1	1	
146	>><>>	2	1	2	
147	<<><<	1	2	2	
148	<<><<	2	2	2	
149	>><>>	1	1	2	
150	>>>>>	2	2	1	
