Respuestas
 EFT rapido:
 cab
 Columnas: 
- numero 
- estimulo 
- respuesta: 1izq 2der  
- direc: 1izq 2der  
- congruencia 1:cong 2:incong 

1	>>>>>	2	2	1	
2	<<<<<	1	1	1	
3	>>>>>	2	2	1	
4	<<<<<	1	1	1	
5	>><>>	2	1	2	
6	>>>>>	2	2	1	
7	<<><<	1	2	2	
8	>>>>>	2	2	1	
9	>>>>>	2	2	1	
10	<<><<	1	2	2	
11	<<><<	2	2	2	
12	<<<<<	1	1	1	
13	>>>>>	2	2	1	
14	<<><<	1	2	2	
15	<<<<<	1	1	1	
16	>><>>	2	1	2	
17	>><>>	2	1	2	
18	<<<<<	1	1	1	
19	>>>>>	2	2	1	
20	<<><<	2	2	2	
21	<<<<<	1	1	1	
22	>>>>>	2	2	1	
23	<<<<<	2	1	1	
24	>>>>>	2	2	1	
25	>>>>>	2	2	1	
26	<<><<	2	2	2	
27	<<<<<	1	1	1	
28	>>>>>	2	2	1	
29	<<><<	1	2	2	
30	<<><<	1	2	2	
31	<<><<	1	2	2	
32	<<<<<	1	1	1	
33	>>>>>	2	2	1	
34	<<><<	2	2	2	
35	>>>>>	2	2	1	
36	<<<<<	1	1	1	
37	<<><<	2	2	2	
38	>>>>>	2	2	1	
39	<<<<<	1	1	1	
40	>>>>>	2	2	1	
41	<<><<	2	2	2	
42	>>>>>	2	2	1	
43	<<><<	1	2	2	
44	<<<<<	1	1	1	
45	<<><<	2	2	2	
46	>>>>>	2	2	1	
47	<<><<	2	2	2	
48	>><>>	1	1	2	
49	>>>>>	2	2	1	
50	>><>>	1	1	2	
51	<<<<<	1	1	1	
52	>><>>	2	1	2	
53	<<><<	2	2	2	
54	<<<<<	1	1	1	
55	>>>>>	2	2	1	
56	>>>>>	2	2	1	
57	<<><<	2	2	2	
58	>>>>>	2	2	1	
59	<<<<<	1	1	1	
60	>>>>>	2	2	1	
61	>><>>	1	1	2	
62	>>>>>	2	2	1	
63	>><>>	1	1	2	
64	>><>>	2	1	2	
65	>><>>	1	1	2	
66	>><>>	1	1	2	
67	>>>>>	2	2	1	
68	<<><<	2	2	2	
69	>><>>	1	1	2	
70	>>>>>	2	2	1	
71	>>>>>	2	2	1	
72	>><>>	1	1	2	
73	>><>>	1	1	2	
74	<<><<	2	2	2	
75	>>>>>	2	2	1	
76	<<><<	2	2	2	
77	<<><<	2	2	2	
78	<<><<	2	2	2	
79	>>>>>	2	2	1	
80	<<><<	2	2	2	
81	<<><<	2	2	2	
82	<<><<	2	2	2	
83	<<><<	2	2	2	
84	>>>>>	2	2	1	
85	<<<<<	1	1	1	
86	<<<<<	1	1	1	
87	<<<<<	1	1	1	
88	<<<<<	1	1	1	
89	>>>>>	1	2	1	
90	<<<<<	2	1	1	
91	<<<<<	1	1	1	
92	<<><<	1	2	2	
93	<<><<	1	2	2	
94	>><>>	1	1	2	
95	<<<<<	1	1	1	
96	>><>>	1	1	2	
97	>>>>>	2	2	1	
98	<<<<<	1	1	1	
99	>><>>	1	1	2	
100	<<><<	2	2	2	
101	<<<<<	1	1	1	
102	<<<<<	2	1	1	
103	>><>>	1	1	2	
104	>><>>	1	1	2	
105	>><>>	1	1	2	
106	>>>>>	2	2	1	
107	>><>>	1	1	2	
108	>><>>	1	1	2	
109	>>>>>	2	2	1	
110	<<><<	1	2	2	
111	<<<<<	1	1	1	
112	<<<<<	1	1	1	
113	>>>>>	2	2	1	
114	<<<<<	1	1	1	
115	>>>>>	2	2	1	
116	<<<<<	1	1	1	
117	<<><<	2	2	2	
118	<<><<	2	2	2	
119	<<<<<	1	1	1	
120	>><>>	2	1	2	
121	>>>>>	2	2	1	
122	<<><<	2	2	2	
123	<<><<	2	2	2	
124	<<<<<	1	1	1	
125	<<><<	2	2	2	
126	>><>>	1	1	2	
127	<<><<	2	2	2	
128	<<<<<	1	1	1	
129	<<><<	2	2	2	
130	>>>>>	2	2	1	
131	>>>>>	2	2	1	
132	<<><<	2	2	2	
133	>><>>	1	1	2	
134	>><>>	2	1	2	
135	<<<<<	1	1	1	
136	<<><<	2	2	2	
137	<<><<	2	2	2	
138	<<><<	2	2	2	
139	<<><<	2	2	2	
140	>>>>>	2	2	1	
141	>><>>	1	1	2	
142	>><>>	1	1	2	
143	>>>>>	2	2	1	
144	>>>>>	1	2	1	
145	<<><<	2	2	2	
146	<<><<	2	2	2	
147	<<><<	2	2	2	
148	>><>>	2	1	2	
149	>><>>	1	1	2	
150	>><>>	1	1	2	
1	>><>>	1	1	2	
2	>><>>	2	1	2	
3	<<<<<	1	1	1	
4	>>>>>	2	2	1	
5	>><>>	1	1	2	
6	<<<<<	1	1	1	
7	<<><<	2	2	2	
8	<<><<	2	2	2	
9	<<><<	2	2	2	
10	<<><<	2	2	2	
11	<<><<	2	2	2	
12	>><>>	1	1	2	
13	<<><<	2	2	2	
14	<<><<	2	2	2	
15	>><>>	1	1	2	
16	<<<<<	1	1	1	
17	<<><<	2	2	2	
18	>>>>>	2	2	1	
19	>><>>	1	1	2	
20	<<><<	2	2	2	
21	<<<<<	1	1	1	
22	<<><<	2	2	2	
23	<<<<<	1	1	1	
24	<<<<<	1	1	1	
25	>><>>	1	1	2	
26	<<><<	2	2	2	
27	<<><<	2	2	2	
28	<<<<<	1	1	1	
29	<<<<<	1	1	1	
30	>>>>>	2	2	1	
31	<<<<<	1	1	1	
32	>><>>	1	1	2	
33	<<><<	2	2	2	
34	<<><<	2	2	2	
35	<<<<<	1	1	1	
36	<<><<	2	2	2	
37	<<><<	2	2	2	
38	<<<<<	1	1	1	
39	>>>>>	2	2	1	
40	>><>>	1	1	2	
41	>><>>	1	1	2	
42	<<<<<	1	1	1	
43	<<><<	2	2	2	
44	<<<<<	1	1	1	
45	>>>>>	2	2	1	
46	<<><<	2	2	2	
47	>><>>	1	1	2	
48	>><>>	2	1	2	
49	>><>>	1	1	2	
50	>><>>	1	1	2	
51	<<><<	2	2	2	
52	<<><<	1	2	2	
53	>><>>	1	1	2	
54	<<<<<	1	1	1	
55	>><>>	1	1	2	
56	<<><<	2	2	2	
57	>>>>>	2	2	1	
58	<<><<	2	2	2	
59	>><>>	1	1	2	
60	>>>>>	2	2	1	
61	>><>>	1	1	2	
62	>><>>	1	1	2	
63	<<<<<	1	1	1	
64	<<<<<	1	1	1	
65	<<><<	1	2	2	
66	<<<<<	1	1	1	
67	>>>>>	2	2	1	
68	>>>>>	2	2	1	
69	<<><<	2	2	2	
70	<<<<<	1	1	1	
71	<<<<<	1	1	1	
72	>>>>>	2	2	1	
73	<<><<	2	2	2	
74	>><>>	1	1	2	
75	>>>>>	2	2	1	
76	<<><<	2	2	2	
77	<<<<<	1	1	1	
78	>><>>	1	1	2	
79	>>>>>	1	2	1	
80	>>>>>	2	2	1	
81	<<><<	1	2	2	
82	>>>>>	2	2	1	
83	>><>>	1	1	2	
84	>>>>>	2	2	1	
85	<<<<<	1	1	1	
86	<<><<	2	2	2	
87	<<<<<	1	1	1	
88	>>>>>	2	2	1	
89	<<><<	2	2	2	
90	<<<<<	1	1	1	
91	<<><<	2	2	2	
92	<<<<<	1	1	1	
93	>>>>>	2	2	1	
94	>><>>	1	1	2	
95	>><>>	1	1	2	
96	>><>>	1	1	2	
97	<<<<<	1	1	1	
98	>><>>	1	1	2	
99	>><>>	1	1	2	
100	>><>>	1	1	2	
101	>><>>	1	1	2	
102	>><>>	1	1	2	
103	>><>>	1	1	2	
104	<<><<	2	2	2	
105	>>>>>	2	2	1	
106	<<<<<	1	1	1	
107	<<<<<	1	1	1	
108	<<><<	2	2	2	
109	<<<<<	1	1	1	
110	>>>>>	2	2	1	
111	<<><<	2	2	2	
112	>><>>	1	1	2	
113	<<<<<	1	1	1	
114	<<><<	2	2	2	
115	>><>>	1	1	2	
116	<<<<<	1	1	1	
117	<<<<<	1	1	1	
118	>>>>>	2	2	1	
119	>>>>>	1	2	1	
120	<<><<	1	2	2	
121	>><>>	1	1	2	
122	>>>>>	2	2	1	
123	<<<<<	1	1	1	
124	<<><<	2	2	2	
125	<<><<	1	2	2	
126	>>>>>	2	2	1	
127	<<><<	2	2	2	
128	>>>>>	2	2	1	
129	>><>>	1	1	2	
130	<<><<	2	2	2	
131	>>>>>	2	2	1	
132	<<><<	2	2	2	
133	<<<<<	2	1	1	
134	>>>>>	2	2	1	
135	>><>>	1	1	2	
136	>>>>>	2	2	1	
137	<<<<<	1	1	1	
138	>>>>>	2	2	1	
139	>><>>	1	1	2	
140	>>>>>	2	2	1	
141	<<><<	2	2	2	
142	<<<<<	1	1	1	
143	>><>>	2	1	2	
144	<<<<<	2	1	1	
145	<<<<<	1	1	1	
146	<<><<	2	2	2	
147	<<<<<	1	1	1	
148	>>>>>	2	2	1	
149	<<><<	1	2	2	
150	<<><<	2	2	2	
