Respuestas
 EFT lento :
 mjm
 Columnas: 
- numero 
- estimulo 
- respuesta: 1izq 2der  
- direc: 1izq 2der  
- congruencia 1:cong 2:incong 

1	>>>>>	2	2	1	
2	>><>>	1	1	2	
3	<<<<<	2	1	1	
4	>><>>	1	1	2	
5	<<<<<	1	1	1	
6	<<><<	2	2	2	
7	<<><<	2	2	2	
8	<<<<<	1	1	1	
9	>><>>	1	1	2	
10	>>>>>	2	2	1	
11	<<<<<	1	1	1	
12	<<<<<	1	1	1	
13	>>>>>	2	2	1	
14	>>>>>	2	2	1	
15	<<<<<	1	1	1	
16	>>>>>	1	2	1	
17	<<><<	2	2	2	
18	>><>>	1	1	2	
19	>>>>>	2	2	1	
20	>>>>>	2	2	1	
21	>>>>>	2	2	1	
22	<<><<	2	2	2	
23	>><>>	1	1	2	
24	>>>>>	2	2	1	
25	>><>>	1	1	2	
26	<<><<	2	2	2	
27	<<<<<	1	1	1	
28	<<><<	2	2	2	
29	<<><<	1	2	2	
30	>>>>>	2	2	1	
31	<<><<	2	2	2	
32	<<><<	1	2	2	
33	>><>>	1	1	2	
34	<<><<	2	2	2	
35	<<<<<	1	1	1	
36	<<><<	2	2	2	
37	>>>>>	2	2	1	
38	<<><<	1	2	2	
39	>><>>	1	1	2	
40	<<<<<	1	1	1	
41	<<><<	2	2	2	
42	>>>>>	2	2	1	
43	<<<<<	1	1	1	
44	<<><<	2	2	2	
45	>>>>>	2	2	1	
46	>>>>>	2	2	1	
47	>>>>>	2	2	1	
48	<<<<<	1	1	1	
49	<<><<	2	2	2	
50	<<<<<	1	1	1	
51	>><>>	2	1	2	
52	>>>>>	2	2	1	
53	>>>>>	2	2	1	
54	>><>>	1	1	2	
55	<<<<<	1	1	1	
56	<<<<<	2	1	1	
57	<<><<	2	2	2	
58	>>>>>	2	2	1	
59	>><>>	1	1	2	
60	<<<<<	1	1	1	
61	<<<<<	1	1	1	
62	>>>>>	2	2	1	
63	>>>>>	2	2	1	
64	>><>>	1	1	2	
65	<<<<<	1	1	1	
66	<<><<	2	2	2	
67	>>>>>	2	2	1	
68	<<><<	1	2	2	
69	>><>>	1	1	2	
70	>>>>>	2	2	1	
71	<<<<<	2	1	1	
72	<<><<	1	2	2	
73	>><>>	1	1	2	
74	>>>>>	2	2	1	
75	>><>>	1	1	2	
76	<<<<<	1	1	1	
77	<<><<	2	2	2	
78	>><>>	1	1	2	
79	>>>>>	2	2	1	
80	<<><<	2	2	2	
81	>>>>>	2	2	1	
82	>><>>	2	1	2	
83	<<><<	2	2	2	
84	<<<<<	1	1	1	
85	>><>>	1	1	2	
86	<<><<	2	2	2	
87	>>>>>	2	2	1	
88	<<<<<	1	1	1	
89	<<<<<	1	1	1	
90	>>>>>	1	2	1	
91	>>>>>	2	2	1	
92	<<<<<	1	1	1	
93	<<><<	2	2	2	
94	<<><<	2	2	2	
95	>><>>	1	1	2	
96	<<<<<	1	1	1	
97	>>>>>	2	2	1	
98	<<<<<	1	1	1	
99	>><>>	1	1	2	
100	<<><<	2	2	2	
101	>>>>>	2	2	1	
102	<<><<	2	2	2	
103	<<<<<	1	1	1	
104	>>>>>	2	2	1	
105	>>>>>	2	2	1	
106	<<><<	2	2	2	
107	<<><<	2	2	2	
108	<<><<	2	2	2	
109	<<<<<	1	1	1	
110	>><>>	2	1	2	
111	<<><<	2	2	2	
112	>><>>	1	1	2	
113	>>>>>	2	2	1	
114	>>>>>	2	2	1	
115	<<><<	2	2	2	
116	>><>>	1	1	2	
117	<<<<<	1	1	1	
118	>>>>>	2	2	1	
119	>>>>>	2	2	1	
120	<<<<<	1	1	1	
121	>>>>>	2	2	1	
122	>><>>	2	1	2	
123	>>>>>	1	2	1	
124	>>>>>	2	2	1	
125	<<><<	2	2	2	
126	<<><<	2	2	2	
127	>><>>	1	1	2	
128	>>>>>	2	2	1	
129	>>>>>	2	2	1	
130	>><>>	1	1	2	
131	>><>>	1	1	2	
132	<<><<	2	2	2	
133	<<><<	2	2	2	
134	>>>>>	2	2	1	
135	>><>>	1	1	2	
136	>>>>>	2	2	1	
137	<<><<	2	2	2	
138	>><>>	1	1	2	
139	>><>>	1	1	2	
140	>>>>>	2	2	1	
141	>><>>	1	1	2	
142	<<><<	2	2	2	
143	<<<<<	1	1	1	
144	<<><<	2	2	2	
145	<<><<	2	2	2	
146	<<<<<	1	1	1	
147	>>>>>	2	2	1	
148	>><>>	1	1	2	
149	>><>>	1	1	2	
150	<<><<	2	2	2	
1	>>>>>	2	2	1	
2	<<><<	2	2	2	
3	<<<<<	1	1	1	
4	<<><<	2	2	2	
5	<<<<<	1	1	1	
6	<<><<	2	2	2	
7	<<><<	2	2	2	
8	>>>>>	2	2	1	
9	>>>>>	2	2	1	
10	>><>>	1	1	2	
11	<<><<	2	2	2	
12	<<><<	2	2	2	
13	>>>>>	2	2	1	
14	<<<<<	1	1	1	
15	>>>>>	2	2	1	
16	>><>>	1	1	2	
17	<<><<	2	2	2	
18	<<<<<	1	1	1	
19	<<<<<	2	1	1	
20	>>>>>	2	2	1	
21	>><>>	1	1	2	
22	>><>>	1	1	2	
23	<<<<<	1	1	1	
24	>><>>	1	1	2	
25	>>>>>	1	2	1	
26	<<><<	2	2	2	
27	<<<<<	1	1	1	
28	>><>>	1	1	2	
29	>><>>	1	1	2	
30	<<><<	1	2	2	
31	<<><<	2	2	2	
32	>><>>	1	1	2	
33	<<<<<	1	1	1	
34	>><>>	1	1	2	
35	>>>>>	2	2	1	
36	<<<<<	1	1	1	
37	<<<<<	1	1	1	
38	<<<<<	1	1	1	
39	>>>>>	1	2	1	
40	<<><<	2	2	2	
41	>>>>>	2	2	1	
42	<<<<<	1	1	1	
43	>>>>>	2	2	1	
44	>><>>	1	1	2	
45	>>>>>	2	2	1	
46	<<<<<	1	1	1	
47	>>>>>	2	2	1	
48	>><>>	1	1	2	
49	>><>>	1	1	2	
50	>>>>>	2	2	1	
51	>>>>>	2	2	1	
52	<<><<	2	2	2	
53	>>>>>	2	2	1	
54	>>>>>	2	2	1	
55	>>>>>	2	2	1	
56	>>>>>	2	2	1	
57	<<<<<	1	1	1	
58	>>>>>	2	2	1	
59	>>>>>	2	2	1	
60	>><>>	2	1	2	
61	<<><<	1	2	2	
62	<<><<	2	2	2	
63	<<<<<	1	1	1	
64	>>>>>	2	2	1	
65	<<><<	2	2	2	
66	>>>>>	2	2	1	
67	<<><<	2	2	2	
68	<<<<<	1	1	1	
69	<<<<<	1	1	1	
70	>>>>>	2	2	1	
71	<<<<<	1	1	1	
72	<<<<<	1	1	1	
73	<<<<<	1	1	1	
74	>><>>	1	1	2	
75	>>>>>	2	2	1	
76	>><>>	1	1	2	
77	<<><<	2	2	2	
78	<<<<<	1	1	1	
79	>>>>>	2	2	1	
80	<<<<<	1	1	1	
81	<<><<	2	2	2	
82	>>>>>	1	2	1	
83	<<<<<	1	1	1	
84	>>>>>	2	2	1	
85	<<><<	2	2	2	
86	>>>>>	2	2	1	
87	>><>>	1	1	2	
88	<<><<	2	2	2	
89	<<<<<	1	1	1	
90	<<<<<	1	1	1	
91	>>>>>	2	2	1	
92	>>>>>	2	2	1	
93	<<<<<	1	1	1	
94	>>>>>	2	2	1	
95	>><>>	1	1	2	
96	<<><<	2	2	2	
97	<<><<	2	2	2	
98	<<><<	2	2	2	
99	>><>>	1	1	2	
100	>>>>>	2	2	1	
101	>>>>>	2	2	1	
102	<<><<	2	2	2	
103	>><>>	1	1	2	
104	<<><<	2	2	2	
105	<<><<	2	2	2	
106	>>>>>	2	2	1	
107	<<><<	2	2	2	
108	<<<<<	1	1	1	
109	>>>>>	2	2	1	
110	<<<<<	1	1	1	
111	>><>>	2	1	2	
112	<<<<<	1	1	1	
113	<<><<	2	2	2	
114	<<><<	1	2	2	
115	<<><<	2	2	2	
116	>>>>>	2	2	1	
117	<<><<	2	2	2	
118	<<<<<	1	1	1	
119	>><>>	1	1	2	
120	<<><<	2	2	2	
121	<<><<	2	2	2	
122	<<<<<	1	1	1	
123	>><>>	2	1	2	
124	<<<<<	1	1	1	
125	<<><<	2	2	2	
126	<<><<	2	2	2	
127	<<><<	2	2	2	
128	>>>>>	2	2	1	
129	<<><<	2	2	2	
130	>>>>>	2	2	1	
131	>>>>>	2	2	1	
132	<<<<<	1	1	1	
133	>>>>>	2	2	1	
134	<<><<	2	2	2	
135	<<<<<	1	1	1	
136	<<><<	2	2	2	
137	>>>>>	2	2	1	
138	<<<<<	1	1	1	
139	<<<<<	1	1	1	
140	>><>>	1	1	2	
141	<<<<<	1	1	1	
142	>>>>>	2	2	1	
143	>><>>	1	1	2	
144	<<><<	2	2	2	
145	<<<<<	1	1	1	
146	>>>>>	2	2	1	
147	<<><<	2	2	2	
148	>>>>>	2	2	1	
149	<<><<	2	2	2	
150	<<<<<	1	1	1	
