Respuestas
 EFT rapido:
 mjm
 Columnas: 
- numero 
- estimulo 
- respuesta: 1izq 2der  
- direc: 1izq 2der  
- congruencia 1:cong 2:incong 

1	<<<<<	1	1	1	
2	<<><<	2	2	2	
3	>><>>	1	1	2	
4	>>>>>	2	2	1	
5	<<<<<	1	1	1	
6	>>>>>	2	2	1	
7	>><>>	1	1	2	
8	>><>>	1	1	2	
9	<<><<	2	2	2	
10	<<><<	2	2	2	
11	>><>>	1	1	2	
12	<<><<	1	2	2	
13	<<<<<	1	1	1	
14	>>>>>	2	2	1	
15	<<><<	1	2	2	
16	<<<<<	1	1	1	
17	<<><<	2	2	2	
18	<<><<	2	2	2	
19	<<><<	1	2	2	
20	>>>>>	1	2	1	
21	<<<<<	2	1	1	
22	<<<<<	1	1	1	
23	>>>>>	2	2	1	
24	<<<<<	1	1	1	
25	>>>>>	2	2	1	
26	>><>>	1	1	2	
27	>>>>>	2	2	1	
28	<<><<	2	2	2	
29	<<><<	2	2	2	
30	>>>>>	2	2	1	
31	>><>>	1	1	2	
32	>>>>>	2	2	1	
33	<<><<	2	2	2	
34	>><>>	1	1	2	
35	<<><<	2	2	2	
36	<<<<<	2	1	1	
37	>>>>>	1	2	1	
38	<<<<<	1	1	1	
39	>>>>>	2	2	1	
40	>><>>	1	1	2	
41	>>>>>	2	2	1	
42	<<<<<	1	1	1	
43	>>>>>	2	2	1	
44	>>>>>	1	2	1	
45	>><>>	1	1	2	
46	<<<<<	1	1	1	
47	>><>>	1	1	2	
48	<<><<	2	2	2	
49	<<><<	1	2	2	
50	>><>>	1	1	2	
51	>><>>	2	1	2	
52	>><>>	2	1	2	
53	<<><<	2	2	2	
54	>>>>>	2	2	1	
55	>>>>>	2	2	1	
56	>><>>	1	1	2	
57	>><>>	1	1	2	
58	>>>>>	2	2	1	
59	>><>>	2	1	2	
60	>><>>	1	1	2	
61	<<><<	2	2	2	
62	<<<<<	1	1	1	
63	<<><<	2	2	2	
64	>>>>>	1	2	1	
65	<<><<	2	2	2	
66	<<<<<	1	1	1	
67	>>>>>	2	2	1	
68	<<<<<	1	1	1	
69	<<><<	2	2	2	
70	<<><<	1	2	2	
71	>>>>>	1	2	1	
72	>><>>	1	1	2	
73	<<><<	1	2	2	
74	>><>>	1	1	2	
75	<<<<<	1	1	1	
76	>><>>	2	1	2	
77	>><>>	1	1	2	
78	>><>>	1	1	2	
79	<<><<	2	2	2	
80	<<<<<	1	1	1	
81	>><>>	2	1	2	
82	>><>>	2	1	2	
83	>>>>>	2	2	1	
84	>><>>	2	1	2	
85	>><>>	2	1	2	
86	<<><<	2	2	2	
87	>>>>>	2	2	1	
88	<<<<<	1	1	1	
89	>><>>	2	1	2	
90	>><>>	2	1	2	
91	>><>>	1	1	2	
92	>><>>	2	1	2	
93	>>>>>	2	2	1	
94	<<<<<	2	1	1	
95	>><>>	2	1	2	
96	<<><<	2	2	2	
97	>><>>	2	1	2	
98	>><>>	1	1	2	
99	>>>>>	2	2	1	
100	>>>>>	2	2	1	
101	>>>>>	2	2	1	
102	>>>>>	2	2	1	
103	<<<<<	1	1	1	
104	<<<<<	1	1	1	
105	>><>>	1	1	2	
106	<<><<	2	2	2	
107	<<<<<	1	1	1	
108	>>>>>	2	2	1	
109	<<><<	1	2	2	
110	<<<<<	1	1	1	
111	>><>>	1	1	2	
112	<<<<<	1	1	1	
113	>>>>>	2	2	1	
114	<<><<	2	2	2	
115	>>>>>	2	2	1	
116	<<><<	2	2	2	
117	>>>>>	2	2	1	
118	<<><<	2	2	2	
119	<<><<	2	2	2	
120	>>>>>	2	2	1	
121	<<><<	2	2	2	
122	<<><<	2	2	2	
123	>>>>>	2	2	1	
124	<<<<<	1	1	1	
125	>>>>>	2	2	1	
126	<<<<<	2	1	1	
127	<<><<	2	2	2	
128	<<<<<	1	1	1	
129	<<><<	2	2	2	
130	<<><<	2	2	2	
131	>><>>	1	1	2	
132	>><>>	1	1	2	
133	<<><<	2	2	2	
134	>>>>>	2	2	1	
135	>><>>	1	1	2	
136	>>>>>	1	2	1	
137	>><>>	1	1	2	
138	>><>>	1	1	2	
139	>><>>	1	1	2	
140	<<><<	2	2	2	
141	>><>>	1	1	2	
142	<<<<<	1	1	1	
143	>><>>	2	1	2	
144	>><>>	1	1	2	
145	<<<<<	1	1	1	
146	<<<<<	2	1	1	
147	>><>>	1	1	2	
148	>>>>>	2	2	1	
149	<<<<<	1	1	1	
150	>>>>>	2	2	1	
1	>><>>	1	1	2	
2	<<><<	2	2	2	
3	>>>>>	1	2	1	
4	>>>>>	2	2	1	
5	<<<<<	1	1	1	
6	<<<<<	1	1	1	
7	>>>>>	2	2	1	
8	<<<<<	1	1	1	
9	<<<<<	1	1	1	
10	<<><<	2	2	2	
11	<<><<	2	2	2	
12	>>>>>	2	2	1	
13	<<<<<	1	1	1	
14	>><>>	1	1	2	
15	>><>>	1	1	2	
16	>>>>>	2	2	1	
17	>>>>>	2	2	1	
18	<<<<<	1	1	1	
19	<<<<<	1	1	1	
20	>>>>>	2	2	1	
21	>><>>	1	1	2	
22	>><>>	2	1	2	
23	>>>>>	1	2	1	
24	>>>>>	2	2	1	
25	<<><<	2	2	2	
26	<<><<	2	2	2	
27	>>>>>	2	2	1	
28	<<<<<	1	1	1	
29	<<><<	2	2	2	
30	<<<<<	1	1	1	
31	>><>>	1	1	2	
32	<<<<<	1	1	1	
33	>>>>>	2	2	1	
34	>><>>	1	1	2	
35	<<<<<	1	1	1	
36	<<><<	2	2	2	
37	>>>>>	1	2	1	
38	>>>>>	2	2	1	
39	<<><<	1	2	2	
40	<<<<<	1	1	1	
41	>><>>	1	1	2	
42	<<><<	2	2	2	
43	>>>>>	2	2	1	
44	>>>>>	2	2	1	
45	<<><<	1	2	2	
46	<<<<<	2	1	1	
47	>>>>>	2	2	1	
48	>><>>	2	1	2	
49	<<><<	2	2	2	
50	>><>>	2	1	2	
51	>><>>	2	1	2	
52	<<><<	1	2	2	
53	<<<<<	1	1	1	
54	>>>>>	2	2	1	
55	>><>>	2	1	2	
56	<<><<	2	2	2	
57	<<><<	1	2	2	
58	>>>>>	2	2	1	
59	<<><<	2	2	2	
60	<<><<	2	2	2	
61	<<><<	2	2	2	
62	>>>>>	2	2	1	
63	<<<<<	2	1	1	
64	>>>>>	2	2	1	
65	>>>>>	1	2	1	
66	>><>>	1	1	2	
67	>><>>	2	1	2	
68	>>>>>	2	2	1	
69	>><>>	1	1	2	
70	<<><<	2	2	2	
71	<<><<	2	2	2	
72	>>>>>	2	2	1	
73	>>>>>	2	2	1	
74	>>>>>	2	2	1	
75	>><>>	1	1	2	
76	<<<<<	1	1	1	
77	>>>>>	2	2	1	
78	<<<<<	2	1	1	
79	>><>>	1	1	2	
80	<<><<	2	2	2	
81	>><>>	1	1	2	
82	<<<<<	2	1	1	
83	>>>>>	2	2	1	
84	<<><<	2	2	2	
85	>>>>>	1	2	1	
86	<<<<<	2	1	1	
87	>>>>>	1	2	1	
88	<<><<	1	2	2	
89	>>>>>	1	2	1	
90	<<><<	1	2	2	
91	<<><<	1	2	2	
92	>>>>>	1	2	1	
93	<<<<<	2	1	1	
94	<<<<<	2	1	1	
95	>>>>>	1	2	1	
96	>>>>>	1	2	1	
97	<<><<	2	2	2	
98	<<><<	2	2	2	
99	<<><<	2	2	2	
100	<<><<	1	2	2	
101	>>>>>	1	2	1	
102	>><>>	1	1	2	
103	>>>>>	2	2	1	
104	>>>>>	2	2	1	
105	>><>>	1	1	2	
106	<<><<	1	2	2	
107	<<<<<	2	1	1	
108	>><>>	1	1	2	
109	>>>>>	2	2	1	
110	>>>>>	2	2	1	
111	>><>>	1	1	2	
112	>>>>>	1	2	1	
113	>><>>	1	1	2	
114	>>>>>	2	2	1	
115	>><>>	1	1	2	
116	>>>>>	2	2	1	
117	>>>>>	1	2	1	
118	>>>>>	1	2	1	
119	>>>>>	1	2	1	
120	>><>>	1	1	2	
121	<<<<<	2	1	1	
122	>><>>	1	1	2	
123	>><>>	1	1	2	
124	<<<<<	1	1	1	
125	>>>>>	2	2	1	
126	>>>>>	2	2	1	
127	<<<<<	1	1	1	
128	>>>>>	2	2	1	
129	<<><<	1	2	2	
130	<<<<<	1	1	1	
131	>><>>	2	1	2	
132	>>>>>	2	2	1	
133	>><>>	1	1	2	
134	<<><<	2	2	2	
135	>><>>	1	1	2	
136	<<><<	2	2	2	
137	<<<<<	1	1	1	
138	>>>>>	1	2	1	
139	<<><<	2	2	2	
140	>>>>>	2	2	1	
141	>>>>>	2	2	1	
142	<<<<<	1	1	1	
143	>><>>	1	1	2	
144	<<><<	2	2	2	
145	<<><<	2	2	2	
146	>>>>>	2	2	1	
147	>><>>	1	1	2	
148	>>>>>	2	2	1	
149	<<><<	2	2	2	
150	>><>>	1	1	2	
