Respuestas
 EFT lento :
 DG
 Columnas: 
- numero 
- estimulo 
- respuesta: 1izq 2der  
- direc: 1izq 2der  
- congruencia 1:cong 2:incong 

1	<<><<	2	2	2	
2	>>>>>	2	2	1	
3	>><>>	2	1	2	
4	<<><<	1	2	2	
5	<<><<	2	2	2	
6	>><>>	2	1	2	
7	>><>>	1	1	2	
8	>>>>>	1	2	1	
9	<<><<	2	2	2	
10	<<><<	2	2	2	
11	<<<<<	1	1	1	
12	>><>>	1	1	2	
13	>>>>>	1	2	1	
14	>>>>>	1	2	1	
15	<<<<<	1	1	1	
16	<<<<<	2	1	1	
17	>>>>>	1	2	1	
18	<<><<	2	2	2	
19	<<><<	2	2	2	
20	>>>>>	1	2	1	
21	<<<<<	2	1	1	
22	<<<<<	2	1	1	
23	<<<<<	2	1	1	
24	<<<<<	1	1	1	
25	<<<<<	1	1	1	
26	>><>>	1	1	2	
27	>>>>>	2	2	1	
28	>>>>>	2	2	1	
29	<<><<	1	2	2	
30	>><>>	2	1	2	
31	<<<<<	1	1	1	
32	<<><<	2	2	2	
33	>><>>	1	1	2	
34	>><>>	1	1	2	
35	<<><<	2	2	2	
36	<<><<	2	2	2	
37	<<<<<	2	1	1	
38	>><>>	2	1	2	
39	>>>>>	2	2	1	
40	>>>>>	2	2	1	
41	<<><<	1	2	2	
42	<<<<<	1	1	1	
43	>>>>>	2	2	1	
44	<<><<	1	2	2	
45	<<><<	1	2	2	
46	>>>>>	2	2	1	
47	>><>>	1	1	2	
48	<<<<<	1	1	1	
49	<<<<<	1	1	1	
50	<<><<	1	2	2	
51	>><>>	2	1	2	
52	<<><<	1	2	2	
53	<<><<	1	2	2	
54	<<<<<	1	1	1	
55	<<<<<	1	1	1	
56	>>>>>	2	2	1	
57	<<><<	1	2	2	
58	>><>>	2	1	2	
59	>>>>>	2	2	1	
60	<<><<	1	2	2	
61	>><>>	2	1	2	
62	>><>>	2	1	2	
63	<<<<<	1	1	1	
64	>><>>	2	1	2	
65	>>>>>	2	2	1	
66	<<<<<	1	1	1	
67	>>>>>	2	2	1	
68	<<><<	1	2	2	
69	<<<<<	1	1	1	
70	<<<<<	1	1	1	
71	>>>>>	2	2	1	
72	<<><<	1	2	2	
73	<<><<	1	2	2	
74	<<><<	1	2	2	
75	<<<<<	1	1	1	
76	<<><<	2	2	2	
77	>>>>>	2	2	1	
78	>><>>	2	1	2	
79	<<><<	1	2	2	
80	<<<<<	1	1	1	
81	>>>>>	2	2	1	
82	>><>>	2	1	2	
83	>><>>	2	1	2	
84	<<<<<	1	1	1	
85	>>>>>	2	2	1	
86	>><>>	2	1	2	
87	>><>>	2	1	2	
88	>><>>	2	1	2	
89	<<<<<	2	1	1	
90	<<<<<	1	1	1	
91	>>>>>	2	2	1	
92	>>>>>	2	2	1	
93	>>>>>	2	2	1	
94	>>>>>	2	2	1	
95	>><>>	2	1	2	
96	>><>>	2	1	2	
97	>>>>>	2	2	1	
98	<<<<<	1	1	1	
99	<<<<<	1	1	1	
100	>>>>>	2	2	1	
101	<<><<	1	2	2	
102	<<<<<	1	1	1	
103	>><>>	2	1	2	
104	>>>>>	2	2	1	
105	>><>>	2	1	2	
106	<<><<	1	2	2	
107	>><>>	2	1	2	
108	>>>>>	2	2	1	
109	<<><<	1	2	2	
110	<<<<<	1	1	1	
111	>>>>>	2	2	1	
112	<<<<<	1	1	1	
113	>><>>	2	1	2	
114	>>>>>	2	2	1	
115	>><>>	2	1	2	
116	<<<<<	1	1	1	
117	<<><<	1	2	2	
118	<<><<	1	2	2	
119	<<<<<	1	1	1	
120	<<<<<	1	1	1	
121	<<><<	1	2	2	
122	<<<<<	1	1	1	
123	>><>>	2	1	2	
124	<<<<<	1	1	1	
125	<<><<	1	2	2	
126	>><>>	2	1	2	
127	<<><<	1	2	2	
128	<<<<<	1	1	1	
129	<<><<	1	2	2	
130	<<><<	1	2	2	
131	>><>>	2	1	2	
132	<<><<	1	2	2	
133	<<<<<	1	1	1	
134	<<><<	1	2	2	
135	<<><<	1	2	2	
136	>>>>>	2	2	1	
137	<<<<<	1	1	1	
138	<<<<<	1	1	1	
139	>>>>>	2	2	1	
140	>>>>>	2	2	1	
141	>>>>>	2	2	1	
142	<<><<	2	2	2	
143	<<><<	1	2	2	
144	<<<<<	1	1	1	
145	>>>>>	2	2	1	
146	>>>>>	2	2	1	
147	>>>>>	2	2	1	
148	>><>>	2	1	2	
149	>><>>	2	1	2	
150	>><>>	2	1	2	
1	<<<<<	1	1	1	
2	>><>>	2	1	2	
3	<<<<<	1	1	1	
4	>>>>>	2	2	1	
5	<<<<<	1	1	1	
6	<<><<	1	2	2	
7	<<<<<	1	1	1	
8	>><>>	2	1	2	
9	>><>>	2	1	2	
10	<<><<	1	2	2	
11	<<><<	1	2	2	
12	>><>>	2	1	2	
13	>><>>	2	1	2	
14	<<><<	1	2	2	
15	<<><<	1	2	2	
16	>>>>>	2	2	1	
17	>>>>>	2	2	1	
18	>><>>	2	1	2	
19	>><>>	2	1	2	
20	>><>>	2	1	2	
21	<<<<<	1	1	1	
22	>>>>>	2	2	1	
23	<<><<	1	2	2	
24	<<><<	1	2	2	
25	>><>>	2	1	2	
26	>><>>	2	1	2	
27	<<><<	1	2	2	
28	<<<<<	1	1	1	
29	<<<<<	1	1	1	
30	<<<<<	1	1	1	
31	>>>>>	2	2	1	
32	>>>>>	2	2	1	
33	>><>>	2	1	2	
34	<<<<<	1	1	1	
35	>>>>>	2	2	1	
36	>><>>	2	1	2	
37	<<><<	1	2	2	
38	<<><<	1	2	2	
39	>>>>>	2	2	1	
40	<<<<<	1	1	1	
41	<<<<<	1	1	1	
42	<<><<	1	2	2	
43	>>>>>	2	2	1	
44	<<><<	1	2	2	
45	>>>>>	2	2	1	
46	>><>>	2	1	2	
47	<<<<<	1	1	1	
48	<<<<<	1	1	1	
49	>><>>	2	1	2	
50	>>>>>	2	2	1	
51	<<><<	2	2	2	
52	>><>>	2	1	2	
53	>>>>>	2	2	1	
54	<<><<	1	2	2	
55	>><>>	2	1	2	
56	>><>>	2	1	2	
57	<<><<	1	2	2	
58	<<<<<	1	1	1	
59	>>>>>	2	2	1	
60	>>>>>	2	2	1	
61	>>>>>	2	2	1	
62	>><>>	2	1	2	
63	<<<<<	1	1	1	
64	>>>>>	2	2	1	
65	>>>>>	2	2	1	
66	<<<<<	1	1	1	
67	>><>>	2	1	2	
68	>>>>>	2	2	1	
69	<<><<	1	2	2	
70	<<><<	1	2	2	
71	<<><<	1	2	2	
72	>><>>	2	1	2	
73	<<<<<	1	1	1	
74	>><>>	2	1	2	
75	>><>>	2	1	2	
76	<<<<<	1	1	1	
77	<<><<	1	2	2	
78	>>>>>	2	2	1	
79	<<><<	1	2	2	
80	>><>>	2	1	2	
81	<<><<	1	2	2	
82	>>>>>	2	2	1	
83	<<><<	1	2	2	
84	<<<<<	1	1	1	
85	>><>>	2	1	2	
86	<<><<	1	2	2	
87	>><>>	2	1	2	
88	>>>>>	2	2	1	
89	>>>>>	2	2	1	
90	<<<<<	1	1	1	
91	<<><<	1	2	2	
92	<<><<	1	2	2	
93	<<><<	1	2	2	
94	>>>>>	2	2	1	
95	<<<<<	1	1	1	
96	<<<<<	1	1	1	
97	>>>>>	2	2	1	
98	<<><<	1	2	2	
99	>><>>	2	1	2	
100	>><>>	2	1	2	
101	>><>>	2	1	2	
102	>>>>>	2	2	1	
103	<<><<	1	2	2	
104	>>>>>	2	2	1	
105	>><>>	2	1	2	
106	>><>>	2	1	2	
107	<<<<<	1	1	1	
108	<<<<<	1	1	1	
109	<<><<	1	2	2	
110	<<><<	1	2	2	
111	>><>>	2	1	2	
112	>>>>>	2	2	1	
113	<<><<	1	2	2	
114	<<><<	1	2	2	
115	>>>>>	2	2	1	
116	>>>>>	2	2	1	
117	<<><<	1	2	2	
118	<<><<	1	2	2	
119	<<><<	1	2	2	
120	>><>>	2	1	2	
121	>><>>	2	1	2	
122	<<><<	1	2	2	
123	<<<<<	1	1	1	
124	<<<<<	1	1	1	
125	<<<<<	1	1	1	
126	<<<<<	1	1	1	
127	<<<<<	1	1	1	
128	>><>>	2	1	2	
129	<<><<	1	2	2	
130	<<><<	1	2	2	
131	<<<<<	1	1	1	
132	>><>>	1	1	2	
133	<<<<<	1	1	1	
134	>><>>	1	1	2	
135	>><>>	2	1	2	
136	>>>>>	2	2	1	
137	>>>>>	2	2	1	
138	<<><<	1	2	2	
139	>><>>	2	1	2	
140	>><>>	2	1	2	
141	<<<<<	1	1	1	
142	>><>>	2	1	2	
143	<<><<	1	2	2	
144	>><>>	2	1	2	
145	<<><<	1	2	2	
146	<<<<<	1	1	1	
147	<<<<<	1	1	1	
148	<<<<<	1	1	1	
149	<<<<<	1	1	1	
150	>><>>	2	1	2	
