Respuestas
 EFT rapido:
 DG
 Columnas: 
- numero 
- estimulo 
- respuesta: 1izq 2der  
- direc: 1izq 2der  
- congruencia 1:cong 2:incong 

1	>><>>	0	1	2	
2	<<><<	1	2	2	
3	<<<<<	1	1	1	
4	>><>>	2	1	2	
5	<<><<	1	2	2	
6	<<<<<	1	1	1	
7	>><>>	2	1	2	
8	<<<<<	1	1	1	
9	>><>>	2	1	2	
10	>>>>>	2	2	1	
11	<<<<<	1	1	1	
12	<<><<	1	2	2	
13	<<><<	1	2	2	
14	>><>>	2	1	2	
15	<<><<	1	2	2	
16	<<><<	1	2	2	
17	>><>>	2	1	2	
18	<<><<	2	2	2	
19	>><>>	2	1	2	
20	<<><<	2	2	2	
21	<<<<<	1	1	1	
22	>><>>	2	1	2	
23	>>>>>	2	2	1	
24	<<<<<	1	1	1	
25	>><>>	2	1	2	
26	<<<<<	1	1	1	
27	<<><<	1	2	2	
28	<<<<<	2	1	1	
29	>>>>>	2	2	1	
30	<<<<<	1	1	1	
31	>>>>>	2	2	1	
32	<<><<	1	2	2	
33	<<<<<	2	1	1	
34	>>>>>	2	2	1	
35	<<><<	1	2	2	
36	>>>>>	2	2	1	
37	<<<<<	1	1	1	
38	>><>>	2	1	2	
39	<<><<	1	2	2	
40	>>>>>	2	2	1	
41	<<<<<	1	1	1	
42	>><>>	2	1	2	
43	>><>>	2	1	2	
44	>><>>	2	1	2	
45	<<<<<	1	1	1	
46	<<<<<	1	1	1	
47	>>>>>	2	2	1	
48	>><>>	2	1	2	
49	>><>>	2	1	2	
50	>><>>	2	1	2	
51	>><>>	2	1	2	
52	>>>>>	2	2	1	
53	>><>>	2	1	2	
54	>><>>	2	1	2	
55	>><>>	2	1	2	
56	<<<<<	1	1	1	
57	<<<<<	1	1	1	
58	>><>>	2	1	2	
59	<<><<	1	2	2	
60	<<><<	1	2	2	
61	>>>>>	2	2	1	
62	<<><<	1	2	2	
63	<<><<	1	2	2	
64	<<<<<	1	1	1	
65	<<<<<	1	1	1	
66	<<<<<	1	1	1	
67	>>>>>	2	2	1	
68	>>>>>	2	2	1	
69	>>>>>	2	2	1	
70	<<><<	1	2	2	
71	>>>>>	2	2	1	
72	<<<<<	1	1	1	
73	<<><<	1	2	2	
74	<<<<<	1	1	1	
75	>><>>	2	1	2	
76	>>>>>	2	2	1	
77	>><>>	2	1	2	
78	>><>>	2	1	2	
79	<<><<	1	2	2	
80	>>>>>	2	2	1	
81	<<><<	1	2	2	
82	<<><<	1	2	2	
83	>>>>>	2	2	1	
84	<<<<<	2	1	1	
85	<<><<	2	2	2	
86	>>>>>	2	2	1	
87	>>>>>	2	2	1	
88	>><>>	2	1	2	
89	<<><<	1	2	2	
90	<<<<<	1	1	1	
91	>><>>	2	1	2	
92	>><>>	2	1	2	
93	<<<<<	1	1	1	
94	>>>>>	2	2	1	
95	<<<<<	1	1	1	
96	<<<<<	1	1	1	
97	<<<<<	1	1	1	
98	<<><<	1	2	2	
99	>>>>>	2	2	1	
100	<<><<	1	2	2	
101	>><>>	2	1	2	
102	<<<<<	1	1	1	
103	<<><<	1	2	2	
104	<<><<	1	2	2	
105	>>>>>	2	2	1	
106	<<<<<	1	1	1	
107	>>>>>	2	2	1	
108	>>>>>	2	2	1	
109	<<<<<	1	1	1	
110	>>>>>	2	2	1	
111	<<><<	1	2	2	
112	>><>>	2	1	2	
113	<<<<<	1	1	1	
114	>>>>>	2	2	1	
115	<<<<<	1	1	1	
116	>>>>>	2	2	1	
117	<<<<<	1	1	1	
118	<<><<	1	2	2	
119	>>>>>	2	2	1	
120	>>>>>	2	2	1	
121	<<><<	1	2	2	
122	<<><<	1	2	2	
123	<<<<<	1	1	1	
124	<<><<	1	2	2	
125	<<<<<	1	1	1	
126	<<><<	1	2	2	
127	<<<<<	1	1	1	
128	<<><<	1	2	2	
129	>>>>>	2	2	1	
130	<<<<<	2	1	1	
131	<<<<<	2	1	1	
132	>><>>	2	1	2	
133	<<<<<	1	1	1	
134	<<<<<	1	1	1	
135	>>>>>	2	2	1	
136	>><>>	2	1	2	
137	>>>>>	2	2	1	
138	>>>>>	2	2	1	
139	>><>>	2	1	2	
140	<<<<<	2	1	1	
141	<<><<	1	2	2	
142	<<<<<	1	1	1	
143	<<><<	1	2	2	
144	>>>>>	2	2	1	
145	<<><<	1	2	2	
146	<<><<	1	2	2	
147	<<><<	1	2	2	
148	<<<<<	1	1	1	
149	<<<<<	1	1	1	
150	>><>>	2	1	2	
1	<<><<	2	2	2	
2	>><>>	2	1	2	
3	<<><<	2	2	2	
4	>>>>>	2	2	1	
5	<<<<<	2	1	1	
6	<<><<	2	2	2	
7	<<><<	1	2	2	
8	>>>>>	2	2	1	
9	>>>>>	2	2	1	
10	<<><<	1	2	2	
11	>>>>>	2	2	1	
12	>><>>	2	1	2	
13	<<><<	1	2	2	
14	<<<<<	2	1	1	
15	>><>>	2	1	2	
16	<<><<	1	2	2	
17	>><>>	2	1	2	
18	>>>>>	1	2	1	
19	<<<<<	1	1	1	
20	>>>>>	2	2	1	
21	>><>>	2	1	2	
22	<<><<	1	2	2	
23	>>>>>	2	2	1	
24	<<<<<	1	1	1	
25	<<><<	1	2	2	
26	<<><<	1	2	2	
27	<<<<<	1	1	1	
28	>><>>	2	1	2	
29	>><>>	2	1	2	
30	<<<<<	2	1	1	
31	<<<<<	1	1	1	
32	<<<<<	1	1	1	
33	<<><<	1	2	2	
34	>><>>	2	1	2	
35	<<><<	1	2	2	
36	>>>>>	1	2	1	
37	<<<<<	1	1	1	
38	<<<<<	1	1	1	
39	<<><<	1	2	2	
40	>>>>>	2	2	1	
41	<<<<<	1	1	1	
42	>><>>	2	1	2	
43	>>>>>	1	2	1	
44	>><>>	2	1	2	
45	>><>>	2	1	2	
46	>>>>>	2	2	1	
47	<<<<<	1	1	1	
48	>><>>	2	1	2	
49	>>>>>	2	2	1	
50	>><>>	2	1	2	
51	<<><<	1	2	2	
52	>><>>	2	1	2	
53	>>>>>	2	2	1	
54	>><>>	2	1	2	
55	<<<<<	1	1	1	
56	<<<<<	1	1	1	
57	<<><<	1	2	2	
58	<<><<	1	2	2	
59	<<<<<	1	1	1	
60	<<><<	1	2	2	
61	>>>>>	2	2	1	
62	>>>>>	2	2	1	
63	<<<<<	1	1	1	
64	>>>>>	2	2	1	
65	>><>>	2	1	2	
66	>><>>	2	1	2	
67	>><>>	2	1	2	
68	>><>>	2	1	2	
69	<<<<<	1	1	1	
70	>><>>	2	1	2	
71	>>>>>	2	2	1	
72	>><>>	2	1	2	
73	<<<<<	1	1	1	
74	>>>>>	2	2	1	
75	<<><<	1	2	2	
76	>><>>	2	1	2	
77	<<<<<	1	1	1	
78	>><>>	2	1	2	
79	>>>>>	2	2	1	
80	<<<<<	1	1	1	
81	<<><<	1	2	2	
82	<<><<	1	2	2	
83	>>>>>	2	2	1	
84	>>>>>	2	2	1	
85	>>>>>	2	2	1	
86	>><>>	2	1	2	
87	>>>>>	1	2	1	
88	>><>>	2	1	2	
89	<<><<	1	2	2	
90	<<<<<	1	1	1	
91	>><>>	2	1	2	
92	>>>>>	2	2	1	
93	<<<<<	1	1	1	
94	>><>>	2	1	2	
95	<<<<<	1	1	1	
96	<<<<<	2	1	1	
97	<<<<<	1	1	1	
98	<<><<	1	2	2	
99	<<<<<	1	1	1	
100	>><>>	2	1	2	
101	>>>>>	2	2	1	
102	>>>>>	2	2	1	
103	<<<<<	1	1	1	
104	>>>>>	2	2	1	
105	>><>>	1	1	2	
106	<<<<<	1	1	1	
107	<<><<	1	2	2	
108	>><>>	2	1	2	
109	<<<<<	1	1	1	
110	>>>>>	2	2	1	
111	<<<<<	1	1	1	
112	>>>>>	2	2	1	
113	>>>>>	2	2	1	
114	<<><<	1	2	2	
115	<<><<	1	2	2	
116	>><>>	2	1	2	
117	>><>>	2	1	2	
118	>>>>>	2	2	1	
119	>>>>>	2	2	1	
120	<<<<<	1	1	1	
121	>>>>>	2	2	1	
122	>><>>	1	1	2	
123	<<<<<	1	1	1	
124	<<<<<	1	1	1	
125	<<<<<	1	1	1	
126	>>>>>	2	2	1	
127	>><>>	2	1	2	
128	<<><<	1	2	2	
129	>>>>>	2	2	1	
130	>>>>>	2	2	1	
131	<<<<<	1	1	1	
132	>>>>>	2	2	1	
133	>>>>>	1	2	1	
134	<<<<<	1	1	1	
135	>><>>	2	1	2	
136	>>>>>	2	2	1	
137	>>>>>	2	2	1	
138	>><>>	2	1	2	
139	>><>>	2	1	2	
140	<<<<<	1	1	1	
141	>>>>>	2	2	1	
142	>><>>	2	1	2	
143	>><>>	2	1	2	
144	<<<<<	1	1	1	
145	<<><<	1	2	2	
146	>>>>>	2	2	1	
147	>>>>>	2	2	1	
148	<<<<<	1	1	1	
149	>><>>	2	1	2	
150	<<><<	1	2	2	
