Respuestas
 EFT rapido:
 cib
 Columnas: 
- numero 
- estimulo 
- respuesta: 1izq 2der  
- direc: 1izq 2der  
- congruencia 1:cong 2:incong 

1	<<><<	2	2	2	
2	<<<<<	1	1	1	
3	>><>>	2	1	2	
4	<<<<<	1	1	1	
5	>>>>>	2	2	1	
6	>>>>>	2	2	1	
7	>><>>	1	1	2	
8	>><>>	1	1	2	
9	>>>>>	2	2	1	
10	<<><<	2	2	2	
11	<<><<	2	2	2	
12	>>>>>	2	2	1	
13	<<><<	2	2	2	
14	<<><<	2	2	2	
15	<<<<<	1	1	1	
16	>>>>>	2	2	1	
17	<<><<	2	2	2	
18	<<<<<	1	1	1	
19	>><>>	1	1	2	
20	>>>>>	2	2	1	
21	<<><<	2	2	2	
22	<<<<<	1	1	1	
23	>><>>	1	1	2	
24	<<><<	2	2	2	
25	<<><<	1	2	2	
26	>>>>>	2	2	1	
27	>>>>>	2	2	1	
28	<<<<<	1	1	1	
29	<<><<	2	2	2	
30	>>>>>	2	2	1	
31	<<<<<	1	1	1	
32	<<<<<	1	1	1	
33	>><>>	1	1	2	
34	>>>>>	2	2	1	
35	>>>>>	2	2	1	
36	<<<<<	1	1	1	
37	>><>>	1	1	2	
38	<<><<	2	2	2	
39	<<><<	2	2	2	
40	>>>>>	2	2	1	
41	<<><<	2	2	2	
42	>>>>>	2	2	1	
43	<<><<	2	2	2	
44	>><>>	2	1	2	
45	<<><<	2	2	2	
46	<<<<<	2	1	1	
47	>>>>>	2	2	1	
48	<<><<	2	2	2	
49	<<<<<	1	1	1	
50	<<<<<	1	1	1	
51	<<><<	2	2	2	
52	<<><<	2	2	2	
53	>><>>	1	1	2	
54	>>>>>	2	2	1	
55	<<><<	2	2	2	
56	>>>>>	2	2	1	
57	>>>>>	2	2	1	
58	<<<<<	1	1	1	
59	>><>>	1	1	2	
60	>>>>>	2	2	1	
61	>>>>>	2	2	1	
62	>><>>	1	1	2	
63	>>>>>	2	2	1	
64	<<><<	2	2	2	
65	<<><<	2	2	2	
66	>><>>	1	1	2	
67	>>>>>	1	2	1	
68	>>>>>	2	2	1	
69	<<><<	1	2	2	
70	>><>>	2	1	2	
71	>><>>	2	1	2	
72	<<><<	2	2	2	
73	>>>>>	2	2	1	
74	<<<<<	1	1	1	
75	>>>>>	2	2	1	
76	>>>>>	2	2	1	
77	>><>>	1	1	2	
78	>>>>>	2	2	1	
79	<<<<<	1	1	1	
80	>>>>>	2	2	1	
81	>><>>	1	1	2	
82	<<<<<	1	1	1	
83	<<<<<	1	1	1	
84	>>>>>	2	2	1	
85	>>>>>	2	2	1	
86	<<<<<	1	1	1	
87	<<<<<	1	1	1	
88	>><>>	2	1	2	
89	>>>>>	2	2	1	
90	>><>>	1	1	2	
91	>><>>	2	1	2	
92	<<<<<	2	1	1	
93	>>>>>	2	2	1	
94	<<<<<	1	1	1	
95	<<><<	2	2	2	
96	<<<<<	1	1	1	
97	<<><<	2	2	2	
98	<<<<<	1	1	1	
99	<<><<	2	2	2	
100	<<><<	2	2	2	
101	<<<<<	1	1	1	
102	<<<<<	1	1	1	
103	>>>>>	2	2	1	
104	>><>>	1	1	2	
105	>><>>	1	1	2	
106	>><>>	1	1	2	
107	<<<<<	1	1	1	
108	>><>>	1	1	2	
109	>>>>>	2	2	1	
110	<<><<	1	2	2	
111	>><>>	1	1	2	
112	<<><<	2	2	2	
113	>>>>>	2	2	1	
114	<<<<<	1	1	1	
115	<<><<	1	2	2	
116	<<<<<	1	1	1	
117	>><>>	2	1	2	
118	<<<<<	2	1	1	
119	>><>>	1	1	2	
120	<<<<<	1	1	1	
121	>>>>>	2	2	1	
122	>>>>>	2	2	1	
123	>><>>	1	1	2	
124	<<><<	2	2	2	
125	<<<<<	1	1	1	
126	<<<<<	1	1	1	
127	<<><<	2	2	2	
128	>><>>	1	1	2	
129	>>>>>	2	2	1	
130	<<<<<	1	1	1	
131	<<><<	2	2	2	
132	>><>>	1	1	2	
133	>><>>	2	1	2	
134	>><>>	1	1	2	
135	>><>>	1	1	2	
136	>><>>	1	1	2	
137	>>>>>	2	2	1	
138	>><>>	1	1	2	
139	<<><<	2	2	2	
140	<<<<<	1	1	1	
141	<<><<	2	2	2	
142	>><>>	1	1	2	
143	<<<<<	2	1	1	
144	>><>>	1	1	2	
145	<<><<	2	2	2	
146	>>>>>	1	2	1	
147	>><>>	1	1	2	
148	<<><<	2	2	2	
149	>>>>>	2	2	1	
150	<<<<<	1	1	1	
1	<<<<<	1	1	1	
2	>><>>	2	1	2	
3	>><>>	1	1	2	
4	>><>>	1	1	2	
5	<<<<<	1	1	1	
6	<<<<<	1	1	1	
7	<<<<<	1	1	1	
8	<<<<<	1	1	1	
9	<<><<	1	2	2	
10	<<<<<	1	1	1	
11	>>>>>	2	2	1	
12	<<<<<	1	1	1	
13	>>>>>	2	2	1	
14	>>>>>	2	2	1	
15	>>>>>	2	2	1	
16	>><>>	1	1	2	
17	>>>>>	2	2	1	
18	>><>>	1	1	2	
19	<<><<	2	2	2	
20	>><>>	1	1	2	
21	<<><<	2	2	2	
22	<<><<	2	2	2	
23	>><>>	1	1	2	
24	<<><<	2	2	2	
25	<<><<	2	2	2	
26	>><>>	1	1	2	
27	>><>>	1	1	2	
28	>>>>>	2	2	1	
29	<<<<<	1	1	1	
30	<<><<	2	2	2	
31	>>>>>	1	2	1	
32	<<><<	2	2	2	
33	>><>>	1	1	2	
34	<<<<<	1	1	1	
35	>><>>	1	1	2	
36	<<<<<	1	1	1	
37	>><>>	1	1	2	
38	>>>>>	2	2	1	
39	<<><<	1	2	2	
40	<<<<<	1	1	1	
41	>><>>	2	1	2	
42	>>>>>	2	2	1	
43	<<<<<	1	1	1	
44	<<<<<	1	1	1	
45	<<><<	2	2	2	
46	>><>>	1	1	2	
47	<<<<<	1	1	1	
48	<<<<<	1	1	1	
49	>>>>>	1	2	1	
50	<<<<<	1	1	1	
51	>>>>>	2	2	1	
52	<<<<<	1	1	1	
53	<<<<<	1	1	1	
54	>><>>	1	1	2	
55	<<><<	2	2	2	
56	>><>>	1	1	2	
57	>>>>>	2	2	1	
58	<<<<<	1	1	1	
59	<<<<<	2	1	1	
60	>>>>>	2	2	1	
61	>>>>>	1	2	1	
62	>><>>	1	1	2	
63	<<><<	2	2	2	
64	>><>>	1	1	2	
65	<<<<<	1	1	1	
66	<<<<<	1	1	1	
67	<<<<<	1	1	1	
68	>>>>>	2	2	1	
69	<<<<<	1	1	1	
70	<<><<	2	2	2	
71	>>>>>	2	2	1	
72	<<<<<	1	1	1	
73	<<><<	2	2	2	
74	>><>>	1	1	2	
75	>><>>	1	1	2	
76	>><>>	1	1	2	
77	<<><<	2	2	2	
78	<<><<	2	2	2	
79	<<><<	2	2	2	
80	>>>>>	2	2	1	
81	<<><<	2	2	2	
82	<<><<	2	2	2	
83	<<<<<	1	1	1	
84	>><>>	1	1	2	
85	<<<<<	1	1	1	
86	<<<<<	1	1	1	
87	>><>>	1	1	2	
88	<<><<	2	2	2	
89	>><>>	1	1	2	
90	<<<<<	1	1	1	
91	>><>>	1	1	2	
92	<<<<<	1	1	1	
93	>>>>>	1	2	1	
94	>><>>	1	1	2	
95	<<<<<	1	1	1	
96	>>>>>	2	2	1	
97	<<><<	2	2	2	
98	>>>>>	2	2	1	
99	>>>>>	2	2	1	
100	>><>>	2	1	2	
101	<<<<<	2	1	1	
102	<<><<	2	2	2	
103	<<><<	2	2	2	
104	>>>>>	2	2	1	
105	>><>>	1	1	2	
106	>>>>>	2	2	1	
107	>>>>>	2	2	1	
108	>><>>	1	1	2	
109	<<<<<	1	1	1	
110	>><>>	1	1	2	
111	<<<<<	1	1	1	
112	>>>>>	2	2	1	
113	<<<<<	1	1	1	
114	<<<<<	1	1	1	
115	>>>>>	2	2	1	
116	>>>>>	1	2	1	
117	>>>>>	2	2	1	
118	<<><<	2	2	2	
119	>><>>	1	1	2	
120	<<><<	2	2	2	
121	<<><<	1	2	2	
122	<<<<<	1	1	1	
123	<<><<	2	2	2	
124	<<><<	2	2	2	
125	>><>>	1	1	2	
126	<<<<<	1	1	1	
127	<<<<<	1	1	1	
128	>>>>>	2	2	1	
129	>><>>	1	1	2	
130	<<<<<	1	1	1	
131	<<><<	2	2	2	
132	>>>>>	2	2	1	
133	<<<<<	1	1	1	
134	<<><<	2	2	2	
135	<<><<	2	2	2	
136	>><>>	1	1	2	
137	>>>>>	2	2	1	
138	<<<<<	1	1	1	
139	<<<<<	1	1	1	
140	>><>>	1	1	2	
141	>><>>	1	1	2	
142	<<<<<	1	1	1	
143	>>>>>	2	2	1	
144	>><>>	1	1	2	
145	>><>>	1	1	2	
146	>><>>	1	1	2	
147	<<><<	1	2	2	
148	>>>>>	1	2	1	
149	<<><<	1	2	2	
150	<<><<	2	2	2	
