Respuestas
 EFT lento :
 cib
 Columnas: 
- numero 
- estimulo 
- respuesta: 1izq 2der  
- direc: 1izq 2der  
- congruencia 1:cong 2:incong 

1	>><>>	2	1	2	
2	<<<<<	1	1	1	
3	<<<<<	1	1	1	
4	>>>>>	2	2	1	
5	>>>>>	2	2	1	
6	<<<<<	1	1	1	
7	>>>>>	2	2	1	
8	<<<<<	1	1	1	
9	<<><<	2	2	2	
10	<<><<	2	2	2	
11	<<<<<	1	1	1	
12	<<<<<	1	1	1	
13	<<><<	2	2	2	
14	<<><<	2	2	2	
15	<<<<<	1	1	1	
16	>><>>	2	1	2	
17	>>>>>	2	2	1	
18	>><>>	1	1	2	
19	<<<<<	1	1	1	
20	<<<<<	1	1	1	
21	>><>>	1	1	2	
22	<<<<<	1	1	1	
23	<<><<	2	2	2	
24	>>>>>	2	2	1	
25	<<<<<	1	1	1	
26	<<<<<	1	1	1	
27	<<<<<	1	1	1	
28	>><>>	1	1	2	
29	<<<<<	1	1	1	
30	<<<<<	1	1	1	
31	<<<<<	1	1	1	
32	>><>>	1	1	2	
33	<<><<	2	2	2	
34	<<<<<	1	1	1	
35	>>>>>	2	2	1	
36	<<<<<	1	1	1	
37	<<<<<	1	1	1	
38	>>>>>	2	2	1	
39	>>>>>	2	2	1	
40	>>>>>	2	2	1	
41	>><>>	1	1	2	
42	>>>>>	2	2	1	
43	<<<<<	1	1	1	
44	>>>>>	2	2	1	
45	<<<<<	1	1	1	
46	<<<<<	1	1	1	
47	>><>>	1	1	2	
48	>>>>>	2	2	1	
49	<<<<<	1	1	1	
50	<<<<<	1	1	1	
51	>>>>>	2	2	1	
52	<<<<<	1	1	1	
53	<<><<	2	2	2	
54	<<><<	1	2	2	
55	<<><<	2	2	2	
56	>><>>	1	1	2	
57	>><>>	1	1	2	
58	<<><<	1	2	2	
59	<<<<<	1	1	1	
60	>>>>>	2	2	1	
61	<<<<<	1	1	1	
62	<<><<	2	2	2	
63	<<><<	2	2	2	
64	>><>>	1	1	2	
65	<<<<<	1	1	1	
66	<<<<<	1	1	1	
67	>>>>>	2	2	1	
68	>>>>>	2	2	1	
69	>><>>	1	1	2	
70	>>>>>	2	2	1	
71	<<><<	2	2	2	
72	>><>>	1	1	2	
73	>>>>>	2	2	1	
74	<<><<	1	2	2	
75	<<><<	2	2	2	
76	<<><<	2	2	2	
77	>><>>	1	1	2	
78	<<<<<	1	1	1	
79	<<><<	2	2	2	
80	<<<<<	1	1	1	
81	<<<<<	1	1	1	
82	>><>>	1	1	2	
83	<<><<	2	2	2	
84	<<<<<	1	1	1	
85	<<<<<	1	1	1	
86	<<<<<	1	1	1	
87	<<<<<	1	1	1	
88	>>>>>	2	2	1	
89	<<<<<	1	1	1	
90	>>>>>	2	2	1	
91	<<<<<	1	1	1	
92	>><>>	1	1	2	
93	<<<<<	1	1	1	
94	<<<<<	1	1	1	
95	>><>>	1	1	2	
96	>><>>	1	1	2	
97	<<><<	2	2	2	
98	>>>>>	2	2	1	
99	>>>>>	2	2	1	
100	>><>>	1	1	2	
101	<<<<<	1	1	1	
102	>>>>>	2	2	1	
103	>>>>>	2	2	1	
104	>>>>>	2	2	1	
105	<<<<<	1	1	1	
106	<<<<<	1	1	1	
107	<<><<	2	2	2	
108	<<><<	2	2	2	
109	<<><<	2	2	2	
110	<<<<<	1	1	1	
111	>><>>	2	1	2	
112	<<><<	2	2	2	
113	<<><<	2	2	2	
114	<<><<	2	2	2	
115	<<<<<	1	1	1	
116	>>>>>	2	2	1	
117	>><>>	1	1	2	
118	<<<<<	1	1	1	
119	>><>>	1	1	2	
120	<<><<	2	2	2	
121	<<<<<	1	1	1	
122	<<><<	2	2	2	
123	<<<<<	1	1	1	
124	<<><<	2	2	2	
125	>>>>>	2	2	1	
126	>><>>	1	1	2	
127	<<<<<	1	1	1	
128	>>>>>	2	2	1	
129	<<><<	1	2	2	
130	<<><<	2	2	2	
131	>>>>>	2	2	1	
132	<<><<	2	2	2	
133	>><>>	1	1	2	
134	<<><<	2	2	2	
135	>><>>	1	1	2	
136	<<><<	2	2	2	
137	<<><<	2	2	2	
138	<<><<	2	2	2	
139	>><>>	1	1	2	
140	>>>>>	2	2	1	
141	<<<<<	1	1	1	
142	<<><<	2	2	2	
143	>>>>>	2	2	1	
144	<<><<	2	2	2	
145	<<><<	2	2	2	
146	<<><<	2	2	2	
147	<<><<	2	2	2	
148	<<><<	2	2	2	
149	>>>>>	2	2	1	
150	>><>>	2	1	2	
1	>><>>	1	1	2	
2	<<<<<	1	1	1	
3	<<><<	2	2	2	
4	<<<<<	1	1	1	
5	<<><<	2	2	2	
6	<<<<<	1	1	1	
7	<<<<<	1	1	1	
8	<<><<	2	2	2	
9	>>>>>	2	2	1	
10	<<<<<	1	1	1	
11	<<><<	2	2	2	
12	<<><<	2	2	2	
13	<<><<	2	2	2	
14	>><>>	1	1	2	
15	<<<<<	1	1	1	
16	<<<<<	1	1	1	
17	<<<<<	1	1	1	
18	>>>>>	2	2	1	
19	>><>>	1	1	2	
20	<<><<	2	2	2	
21	<<<<<	1	1	1	
22	<<<<<	1	1	1	
23	<<<<<	1	1	1	
24	>><>>	1	1	2	
25	<<><<	2	2	2	
26	>><>>	1	1	2	
27	<<<<<	1	1	1	
28	>>>>>	2	2	1	
29	>>>>>	2	2	1	
30	<<<<<	1	1	1	
31	>>>>>	2	2	1	
32	>><>>	1	1	2	
33	>><>>	1	1	2	
34	>>>>>	2	2	1	
35	>><>>	1	1	2	
36	>>>>>	2	2	1	
37	<<><<	1	2	2	
38	<<<<<	1	1	1	
39	<<><<	2	2	2	
40	>><>>	1	1	2	
41	<<<<<	1	1	1	
42	<<><<	2	2	2	
43	<<><<	2	2	2	
44	>>>>>	2	2	1	
45	<<><<	2	2	2	
46	>><>>	2	1	2	
47	<<<<<	1	1	1	
48	>><>>	1	1	2	
49	<<<<<	1	1	1	
50	<<><<	2	2	2	
51	>><>>	1	1	2	
52	>>>>>	2	2	1	
53	>><>>	1	1	2	
54	>>>>>	2	2	1	
55	<<<<<	1	1	1	
56	>><>>	1	1	2	
57	<<><<	1	2	2	
58	>>>>>	2	2	1	
59	<<<<<	1	1	1	
60	<<><<	2	2	2	
61	<<><<	2	2	2	
62	<<<<<	1	1	1	
63	>>>>>	2	2	1	
64	<<><<	2	2	2	
65	<<><<	2	2	2	
66	>><>>	2	1	2	
67	<<<<<	1	1	1	
68	>><>>	1	1	2	
69	>>>>>	2	2	1	
70	<<><<	2	2	2	
71	>>>>>	2	2	1	
72	>><>>	1	1	2	
73	>>>>>	2	2	1	
74	<<><<	2	2	2	
75	>><>>	1	1	2	
76	<<><<	2	2	2	
77	>>>>>	2	2	1	
78	>><>>	1	1	2	
79	<<<<<	1	1	1	
80	>><>>	1	1	2	
81	>><>>	1	1	2	
82	>><>>	1	1	2	
83	>>>>>	2	2	1	
84	>><>>	1	1	2	
85	<<<<<	1	1	1	
86	<<><<	2	2	2	
87	<<><<	1	2	2	
88	<<<<<	1	1	1	
89	<<<<<	1	1	1	
90	<<<<<	1	1	1	
91	<<<<<	1	1	1	
92	>><>>	1	1	2	
93	<<<<<	1	1	1	
94	>>>>>	2	2	1	
95	>><>>	1	1	2	
96	<<><<	2	2	2	
97	>><>>	1	1	2	
98	>>>>>	2	2	1	
99	>><>>	1	1	2	
100	>>>>>	2	2	1	
101	<<><<	2	2	2	
102	>><>>	1	1	2	
103	>><>>	1	1	2	
104	<<<<<	1	1	1	
105	>><>>	1	1	2	
106	<<><<	2	2	2	
107	>><>>	1	1	2	
108	<<><<	2	2	2	
109	>><>>	1	1	2	
110	>>>>>	2	2	1	
111	>>>>>	2	2	1	
112	>><>>	1	1	2	
113	>>>>>	2	2	1	
114	>><>>	1	1	2	
115	<<><<	2	2	2	
116	>>>>>	2	2	1	
117	>><>>	2	1	2	
118	>><>>	1	1	2	
119	>>>>>	2	2	1	
120	<<<<<	1	1	1	
121	<<<<<	1	1	1	
122	<<<<<	1	1	1	
123	>><>>	1	1	2	
124	>>>>>	2	2	1	
125	>><>>	1	1	2	
126	>><>>	1	1	2	
127	>><>>	1	1	2	
128	<<><<	2	2	2	
129	>><>>	1	1	2	
130	>>>>>	2	2	1	
131	>><>>	1	1	2	
132	<<><<	2	2	2	
133	>><>>	1	1	2	
134	<<<<<	1	1	1	
135	>>>>>	2	2	1	
136	>>>>>	2	2	1	
137	<<><<	2	2	2	
138	<<<<<	1	1	1	
139	>><>>	1	1	2	
140	<<><<	2	2	2	
141	>>>>>	2	2	1	
142	<<><<	2	2	2	
143	>>>>>	2	2	1	
144	<<><<	2	2	2	
145	<<><<	2	2	2	
146	>>>>>	2	2	1	
147	>>>>>	2	2	1	
148	>><>>	1	1	2	
149	<<><<	2	2	2	
150	<<><<	2	2	2	
