Respuestas
 EFT lento :
 BA
 Columnas: 
- numero 
- estimulo 
- respuesta: 1izq 2der  
- direc: 1izq 2der  
- congruencia 1:cong 2:incong 

1	>>>>>	2	2	1	
2	>><>>	1	1	2	
3	<<<<<	1	1	1	
4	<<<<<	1	1	1	
5	<<><<	2	2	2	
6	>><>>	1	1	2	
7	<<<<<	1	1	1	
8	<<<<<	1	1	1	
9	<<<<<	1	1	1	
10	<<><<	2	2	2	
11	>><>>	1	1	2	
12	<<<<<	1	1	1	
13	<<<<<	1	1	1	
14	<<><<	2	2	2	
15	<<><<	2	2	2	
16	>><>>	1	1	2	
17	>><>>	1	1	2	
18	>><>>	1	1	2	
19	>>>>>	2	2	1	
20	>>>>>	2	2	1	
21	>><>>	1	1	2	
22	<<><<	2	2	2	
23	>><>>	1	1	2	
24	<<><<	2	2	2	
25	>>>>>	2	2	1	
26	<<<<<	1	1	1	
27	<<<<<	1	1	1	
28	>><>>	2	1	2	
29	<<><<	2	2	2	
30	>>>>>	2	2	1	
31	<<><<	2	2	2	
32	>><>>	2	1	2	
33	<<<<<	1	1	1	
34	>><>>	1	1	2	
35	<<<<<	1	1	1	
36	<<><<	2	2	2	
37	<<<<<	1	1	1	
38	>><>>	1	1	2	
39	<<><<	1	2	2	
40	<<<<<	1	1	1	
41	<<<<<	1	1	1	
42	<<<<<	2	1	1	
43	<<><<	2	2	2	
44	>><>>	2	1	2	
45	<<<<<	1	1	1	
46	<<<<<	1	1	1	
47	>>>>>	2	2	1	
48	<<><<	2	2	2	
49	<<<<<	1	1	1	
50	<<<<<	1	1	1	
51	>><>>	1	1	2	
52	<<><<	1	2	2	
53	>>>>>	2	2	1	
54	>>>>>	2	2	1	
55	<<><<	2	2	2	
56	>>>>>	2	2	1	
57	<<<<<	2	1	1	
58	<<<<<	2	1	1	
59	<<<<<	1	1	1	
60	>>>>>	2	2	1	
61	>>>>>	2	2	1	
62	<<<<<	1	1	1	
63	>>>>>	2	2	1	
64	>>>>>	2	2	1	
65	>>>>>	2	2	1	
66	>><>>	2	1	2	
67	>>>>>	2	2	1	
68	>><>>	1	1	2	
69	<<><<	2	2	2	
70	>>>>>	2	2	1	
71	>>>>>	2	2	1	
72	<<<<<	2	1	1	
73	<<><<	2	2	2	
74	<<><<	2	2	2	
75	>>>>>	2	2	1	
76	>><>>	1	1	2	
77	>>>>>	2	2	1	
78	<<<<<	1	1	1	
79	<<><<	2	2	2	
80	>>>>>	2	2	1	
81	>><>>	1	1	2	
82	>><>>	1	1	2	
83	>><>>	2	1	2	
84	<<<<<	2	1	1	
85	<<<<<	2	1	1	
86	>>>>>	2	2	1	
87	>><>>	2	1	2	
88	>>>>>	2	2	1	
89	>>>>>	2	2	1	
90	>>>>>	2	2	1	
91	<<><<	1	2	2	
92	<<<<<	1	1	1	
93	>><>>	1	1	2	
94	<<<<<	1	1	1	
95	<<<<<	2	1	1	
96	>><>>	2	1	2	
97	>>>>>	2	2	1	
98	<<><<	2	2	2	
99	<<><<	2	2	2	
100	<<><<	2	2	2	
101	>><>>	1	1	2	
102	>><>>	1	1	2	
103	>>>>>	2	2	1	
104	>>>>>	2	2	1	
105	>><>>	1	1	2	
106	>><>>	1	1	2	
107	<<><<	2	2	2	
108	<<><<	2	2	2	
109	<<<<<	1	1	1	
110	<<><<	2	2	2	
111	>>>>>	2	2	1	
112	<<<<<	1	1	1	
113	>><>>	1	1	2	
114	>>>>>	2	2	1	
115	<<><<	2	2	2	
116	<<<<<	1	1	1	
117	>><>>	2	1	2	
118	>><>>	1	1	2	
119	<<><<	2	2	2	
120	>>>>>	2	2	1	
121	<<<<<	1	1	1	
122	>>>>>	2	2	1	
123	<<><<	1	2	2	
124	>>>>>	2	2	1	
125	>><>>	2	1	2	
126	>><>>	1	1	2	
127	>><>>	1	1	2	
128	>>>>>	2	2	1	
129	>>>>>	2	2	1	
130	>><>>	2	1	2	
131	>>>>>	2	2	1	
132	>><>>	1	1	2	
133	<<<<<	1	1	1	
134	>><>>	1	1	2	
135	>><>>	1	1	2	
136	>><>>	1	1	2	
137	>><>>	1	1	2	
138	>>>>>	1	2	1	
139	>>>>>	2	2	1	
140	>><>>	1	1	2	
141	<<><<	1	2	2	
142	<<><<	1	2	2	
143	<<><<	2	2	2	
144	<<<<<	1	1	1	
145	>>>>>	2	2	1	
146	<<><<	2	2	2	
147	>><>>	1	1	2	
148	<<><<	2	2	2	
149	>><>>	1	1	2	
150	>>>>>	2	2	1	
1	>>>>>	2	2	1	
2	<<<<<	1	1	1	
3	>><>>	2	1	2	
4	<<><<	2	2	2	
5	<<><<	2	2	2	
6	>>>>>	2	2	1	
7	<<<<<	1	1	1	
8	>>>>>	2	2	1	
9	>>>>>	2	2	1	
10	<<<<<	1	1	1	
11	<<<<<	1	1	1	
12	>>>>>	2	2	1	
13	>><>>	1	1	2	
14	>><>>	1	1	2	
15	<<><<	1	2	2	
16	<<<<<	1	1	1	
17	<<<<<	1	1	1	
18	<<<<<	1	1	1	
19	<<><<	1	2	2	
20	>>>>>	2	2	1	
21	>>>>>	2	2	1	
22	<<><<	2	2	2	
23	>>>>>	2	2	1	
24	<<<<<	1	1	1	
25	>><>>	1	1	2	
26	<<><<	2	2	2	
27	<<<<<	1	1	1	
28	>>>>>	2	2	1	
29	<<><<	2	2	2	
30	<<><<	2	2	2	
31	<<><<	2	2	2	
32	>>>>>	2	2	1	
33	<<<<<	1	1	1	
34	<<<<<	2	1	1	
35	<<<<<	1	1	1	
36	<<><<	1	2	2	
37	<<<<<	2	1	1	
38	>>>>>	2	2	1	
39	>><>>	2	1	2	
40	<<<<<	1	1	1	
41	<<<<<	2	1	1	
42	>><>>	1	1	2	
43	>>>>>	2	2	1	
44	<<><<	1	2	2	
45	<<<<<	1	1	1	
46	>>>>>	2	2	1	
47	<<<<<	1	1	1	
48	>>>>>	2	2	1	
49	>><>>	1	1	2	
50	<<<<<	1	1	1	
51	<<<<<	1	1	1	
52	<<<<<	1	1	1	
53	>><>>	2	1	2	
54	<<><<	2	2	2	
55	>>>>>	2	2	1	
56	<<<<<	2	1	1	
57	>><>>	2	1	2	
58	<<<<<	2	1	1	
59	<<><<	1	2	2	
60	<<><<	2	2	2	
61	>><>>	2	1	2	
62	<<<<<	2	1	1	
63	>><>>	1	1	2	
64	<<<<<	2	1	1	
65	>>>>>	2	2	1	
66	>><>>	2	1	2	
67	<<<<<	1	1	1	
68	>>>>>	2	2	1	
69	<<<<<	1	1	1	
70	>>>>>	2	2	1	
71	<<<<<	2	1	1	
72	<<<<<	2	1	1	
73	<<><<	2	2	2	
74	<<><<	2	2	2	
75	<<<<<	1	1	1	
76	<<<<<	2	1	1	
77	>><>>	1	1	2	
78	>>>>>	2	2	1	
79	<<<<<	1	1	1	
80	<<><<	2	2	2	
81	<<><<	2	2	2	
82	>><>>	1	1	2	
83	>><>>	1	1	2	
84	>>>>>	2	2	1	
85	>><>>	1	1	2	
86	>>>>>	2	2	1	
87	<<<<<	1	1	1	
88	>>>>>	2	2	1	
89	<<<<<	1	1	1	
90	<<><<	2	2	2	
91	<<<<<	1	1	1	
92	>><>>	1	1	2	
93	<<><<	1	2	2	
94	>><>>	1	1	2	
95	<<<<<	1	1	1	
96	>>>>>	2	2	1	
97	<<<<<	2	1	1	
98	<<><<	2	2	2	
99	>><>>	2	1	2	
100	<<><<	2	2	2	
101	>>>>>	2	2	1	
102	>>>>>	2	2	1	
103	<<<<<	2	1	1	
104	<<<<<	2	1	1	
105	>>>>>	2	2	1	
106	<<<<<	1	1	1	
107	<<><<	2	2	2	
108	>>>>>	2	2	1	
109	<<><<	2	2	2	
110	>>>>>	2	2	1	
111	<<><<	2	2	2	
112	<<><<	2	2	2	
113	<<<<<	2	1	1	
114	>>>>>	2	2	1	
115	>>>>>	2	2	1	
116	>><>>	1	1	2	
117	>><>>	1	1	2	
118	>>>>>	1	2	1	
119	>>>>>	1	2	1	
120	<<><<	2	2	2	
121	<<<<<	2	1	1	
122	<<<<<	2	1	1	
123	>>>>>	2	2	1	
124	<<<<<	1	1	1	
125	>>>>>	2	2	1	
126	>>>>>	2	2	1	
127	<<<<<	2	1	1	
128	>><>>	2	1	2	
129	<<><<	1	2	2	
130	>><>>	2	1	2	
131	>>>>>	1	2	1	
132	>>>>>	2	2	1	
133	>>>>>	1	2	1	
134	<<><<	1	2	2	
135	>>>>>	2	2	1	
136	<<<<<	1	1	1	
137	>>>>>	2	2	1	
138	<<><<	2	2	2	
139	<<><<	2	2	2	
140	>><>>	1	1	2	
141	<<<<<	1	1	1	
142	>>>>>	2	2	1	
143	<<><<	2	2	2	
144	<<><<	2	2	2	
145	<<><<	2	2	2	
146	>><>>	1	1	2	
147	>>>>>	2	2	1	
148	<<<<<	1	1	1	
149	<<<<<	1	1	1	
150	>>>>>	2	2	1	
