Respuestas
 EFT rapido:
 BA
 Columnas: 
- numero 
- estimulo 
- respuesta: 1izq 2der  
- direc: 1izq 2der  
- congruencia 1:cong 2:incong 

1	<<><<	0	2	2	
2	>><>>	1	1	2	
3	>><>>	1	1	2	
4	>><>>	1	1	2	
5	>><>>	1	1	2	
6	>>>>>	2	2	1	
7	<<<<<	1	1	1	
8	>>>>>	2	2	1	
9	>>>>>	2	2	1	
10	<<<<<	1	1	1	
11	>><>>	1	1	2	
12	<<><<	2	2	2	
13	<<<<<	1	1	1	
14	<<><<	2	2	2	
15	<<><<	2	2	2	
16	>><>>	1	1	2	
17	>><>>	1	1	2	
18	<<<<<	1	1	1	
19	>><>>	2	1	2	
20	>>>>>	1	2	1	
21	>><>>	2	1	2	
22	<<<<<	1	1	1	
23	>>>>>	2	2	1	
24	>><>>	1	1	2	
25	>>>>>	2	2	1	
26	>><>>	1	1	2	
27	<<<<<	1	1	1	
28	>>>>>	2	2	1	
29	>>>>>	2	2	1	
30	<<<<<	1	1	1	
31	>>>>>	2	2	1	
32	>><>>	1	1	2	
33	>><>>	1	1	2	
34	<<><<	1	2	2	
35	<<><<	1	2	2	
36	<<><<	2	2	2	
37	>><>>	1	1	2	
38	<<<<<	1	1	1	
39	>><>>	1	1	2	
40	<<><<	2	2	2	
41	<<><<	2	2	2	
42	>>>>>	2	2	1	
43	<<><<	2	2	2	
44	<<<<<	1	1	1	
45	>><>>	1	1	2	
46	<<><<	2	2	2	
47	<<><<	2	2	2	
48	<<><<	2	2	2	
49	>><>>	1	1	2	
50	<<><<	2	2	2	
51	<<<<<	1	1	1	
52	>>>>>	2	2	1	
53	>>>>>	2	2	1	
54	>>>>>	2	2	1	
55	>>>>>	2	2	1	
56	>>>>>	2	2	1	
57	<<><<	2	2	2	
58	>><>>	1	1	2	
59	>>>>>	2	2	1	
60	<<<<<	1	1	1	
61	<<<<<	1	1	1	
62	<<<<<	1	1	1	
63	<<><<	2	2	2	
64	<<<<<	1	1	1	
65	>><>>	1	1	2	
66	>>>>>	2	2	1	
67	>><>>	1	1	2	
68	>>>>>	2	2	1	
69	<<<<<	1	1	1	
70	<<><<	2	2	2	
71	>><>>	1	1	2	
72	>>>>>	2	2	1	
73	>><>>	1	1	2	
74	<<><<	2	2	2	
75	>><>>	1	1	2	
76	<<<<<	2	1	1	
77	>>>>>	1	2	1	
78	>>>>>	2	2	1	
79	<<<<<	1	1	1	
80	<<<<<	1	1	1	
81	>>>>>	2	2	1	
82	>>>>>	2	2	1	
83	<<<<<	2	1	1	
84	<<><<	2	2	2	
85	>>>>>	2	2	1	
86	>>>>>	2	2	1	
87	>><>>	1	1	2	
88	>><>>	1	1	2	
89	>>>>>	2	2	1	
90	<<<<<	2	1	1	
91	>>>>>	2	2	1	
92	>>>>>	2	2	1	
93	>>>>>	2	2	1	
94	<<<<<	1	1	1	
95	<<><<	2	2	2	
96	>>>>>	2	2	1	
97	>>>>>	2	2	1	
98	<<><<	1	2	2	
99	>><>>	1	1	2	
100	<<><<	1	2	2	
101	<<<<<	1	1	1	
102	>>>>>	2	2	1	
103	<<><<	2	2	2	
104	<<><<	2	2	2	
105	<<<<<	1	1	1	
106	<<<<<	1	1	1	
107	<<<<<	1	1	1	
108	>><>>	1	1	2	
109	>><>>	1	1	2	
110	>>>>>	1	2	1	
111	>>>>>	2	2	1	
112	>>>>>	2	2	1	
113	<<><<	2	2	2	
114	>><>>	2	1	2	
115	<<<<<	1	1	1	
116	>>>>>	2	2	1	
117	>><>>	1	1	2	
118	>>>>>	2	2	1	
119	<<<<<	1	1	1	
120	<<><<	2	2	2	
121	<<<<<	1	1	1	
122	>>>>>	2	2	1	
123	>>>>>	2	2	1	
124	<<<<<	1	1	1	
125	>>>>>	2	2	1	
126	<<<<<	1	1	1	
127	<<><<	2	2	2	
128	<<<<<	1	1	1	
129	>>>>>	2	2	1	
130	>>>>>	1	2	1	
131	<<><<	2	2	2	
132	<<><<	2	2	2	
133	<<<<<	1	1	1	
134	>><>>	1	1	2	
135	<<<<<	1	1	1	
136	<<><<	2	2	2	
137	<<><<	2	2	2	
138	<<><<	2	2	2	
139	>>>>>	2	2	1	
140	<<><<	1	2	2	
141	>>>>>	2	2	1	
142	<<<<<	1	1	1	
143	<<<<<	1	1	1	
144	<<><<	2	2	2	
145	>><>>	2	1	2	
146	<<<<<	1	1	1	
147	>><>>	1	1	2	
148	>>>>>	2	2	1	
149	<<<<<	1	1	1	
150	>>>>>	2	2	1	
1	<<><<	1	2	2	
2	>><>>	2	1	2	
3	<<<<<	1	1	1	
4	<<<<<	1	1	1	
5	>>>>>	2	2	1	
6	<<<<<	1	1	1	
7	>><>>	2	1	2	
8	>>>>>	2	2	1	
9	>>>>>	2	2	1	
10	<<<<<	1	1	1	
11	<<><<	1	2	2	
12	>><>>	2	1	2	
13	<<<<<	1	1	1	
14	<<<<<	1	1	1	
15	<<><<	1	2	2	
16	>>>>>	2	2	1	
17	>><>>	2	1	2	
18	>>>>>	1	2	1	
19	>>>>>	1	2	1	
20	>><>>	1	1	2	
21	>><>>	2	1	2	
22	<<<<<	1	1	1	
23	>>>>>	2	2	1	
24	>>>>>	2	2	1	
25	<<><<	1	2	2	
26	>>>>>	1	2	1	
27	<<<<<	1	1	1	
28	>>>>>	2	2	1	
29	<<<<<	1	1	1	
30	<<<<<	1	1	1	
31	>><>>	2	1	2	
32	>><>>	1	1	2	
33	<<><<	1	2	2	
34	<<<<<	1	1	1	
35	>>>>>	2	2	1	
36	<<><<	2	2	2	
37	<<<<<	2	1	1	
38	<<><<	1	2	2	
39	<<><<	2	2	2	
40	>>>>>	2	2	1	
41	>><>>	1	1	2	
42	<<<<<	1	1	1	
43	>><>>	2	1	2	
44	>>>>>	2	2	1	
45	<<<<<	1	1	1	
46	<<><<	1	2	2	
47	<<<<<	2	1	1	
48	>><>>	2	1	2	
49	<<><<	2	2	2	
50	<<><<	2	2	2	
51	<<><<	2	2	2	
52	<<<<<	1	1	1	
53	>>>>>	2	2	1	
54	<<><<	2	2	2	
55	<<<<<	1	1	1	
56	>><>>	2	1	2	
57	>><>>	1	1	2	
58	<<><<	1	2	2	
59	<<><<	2	2	2	
60	<<><<	2	2	2	
61	>>>>>	2	2	1	
62	>>>>>	2	2	1	
63	>>>>>	2	2	1	
64	<<<<<	1	1	1	
65	<<<<<	1	1	1	
66	<<><<	2	2	2	
67	<<<<<	1	1	1	
68	<<<<<	1	1	1	
69	<<><<	2	2	2	
70	>>>>>	2	2	1	
71	>>>>>	2	2	1	
72	<<<<<	1	1	1	
73	>><>>	1	1	2	
74	>>>>>	2	2	1	
75	>>>>>	2	2	1	
76	>>>>>	2	2	1	
77	>><>>	1	1	2	
78	>>>>>	2	2	1	
79	<<<<<	1	1	1	
80	<<><<	2	2	2	
81	>>>>>	2	2	1	
82	<<<<<	1	1	1	
83	>><>>	1	1	2	
84	>><>>	1	1	2	
85	<<><<	2	2	2	
86	>><>>	1	1	2	
87	<<<<<	1	1	1	
88	>><>>	1	1	2	
89	<<><<	2	2	2	
90	<<<<<	1	1	1	
91	<<><<	1	2	2	
92	<<><<	2	2	2	
93	>>>>>	2	2	1	
94	<<><<	2	2	2	
95	>><>>	1	1	2	
96	<<<<<	1	1	1	
97	<<><<	2	2	2	
98	>>>>>	2	2	1	
99	>>>>>	2	2	1	
100	<<<<<	1	1	1	
101	>><>>	1	1	2	
102	>>>>>	2	2	1	
103	<<<<<	1	1	1	
104	<<<<<	1	1	1	
105	<<<<<	1	1	1	
106	>><>>	1	1	2	
107	>>>>>	2	2	1	
108	>>>>>	2	2	1	
109	<<><<	2	2	2	
110	>><>>	1	1	2	
111	<<<<<	1	1	1	
112	>><>>	1	1	2	
113	<<><<	2	2	2	
114	>><>>	1	1	2	
115	<<<<<	1	1	1	
116	>>>>>	2	2	1	
117	<<><<	2	2	2	
118	<<<<<	1	1	1	
119	>><>>	2	1	2	
120	>>>>>	2	2	1	
121	<<><<	2	2	2	
122	<<<<<	2	1	1	
123	>>>>>	2	2	1	
124	<<<<<	2	1	1	
125	>>>>>	1	2	1	
126	>>>>>	2	2	1	
127	>>>>>	2	2	1	
128	>><>>	2	1	2	
129	>>>>>	2	2	1	
130	<<><<	1	2	2	
131	<<><<	2	2	2	
132	>><>>	1	1	2	
133	>>>>>	1	2	1	
134	>>>>>	2	2	1	
135	>>>>>	2	2	1	
136	>><>>	2	1	2	
137	>><>>	2	1	2	
138	<<><<	1	2	2	
139	>><>>	1	1	2	
140	>><>>	1	1	2	
141	>>>>>	2	2	1	
142	<<<<<	2	1	1	
143	<<><<	1	2	2	
144	>><>>	1	1	2	
145	<<><<	1	2	2	
146	<<<<<	1	1	1	
147	<<<<<	1	1	1	
148	<<<<<	1	1	1	
149	>>>>>	2	2	1	
150	>>>>>	2	2	1	
