Respuestas
 EFT lento :
 GS
 Columnas: 
- numero 
- estimulo 
- respuesta: 1izq 2der  
- direc: 1izq 2der  
- congruencia 1:cong 2:incong 

1	<<<<<	1	1	1	
2	<<><<	1	2	2	
3	>>>>>	2	2	1	
4	>>>>>	2	2	1	
5	<<><<	2	2	2	
6	<<<<<	1	1	1	
7	>>>>>	2	2	1	
8	<<<<<	1	1	1	
9	<<><<	2	2	2	
10	>><>>	1	1	2	
11	>>>>>	2	2	1	
12	>><>>	1	1	2	
13	>><>>	1	1	2	
14	<<><<	2	2	2	
15	<<<<<	1	1	1	
16	<<<<<	1	1	1	
17	<<<<<	1	1	1	
18	>>>>>	2	2	1	
19	<<><<	2	2	2	
20	>>>>>	2	2	1	
21	>><>>	1	1	2	
22	>>>>>	2	2	1	
23	>>>>>	2	2	1	
24	>><>>	1	1	2	
25	>>>>>	2	2	1	
26	<<<<<	1	1	1	
27	>><>>	2	1	2	
28	>>>>>	2	2	1	
29	<<<<<	1	1	1	
30	>><>>	1	1	2	
31	>><>>	1	1	2	
32	<<<<<	1	1	1	
33	>><>>	1	1	2	
34	>>>>>	2	2	1	
35	>><>>	1	1	2	
36	<<<<<	1	1	1	
37	<<<<<	1	1	1	
38	<<<<<	1	1	1	
39	>>>>>	2	2	1	
40	<<><<	2	2	2	
41	>>>>>	2	2	1	
42	<<<<<	1	1	1	
43	<<<<<	1	1	1	
44	>><>>	2	1	2	
45	>><>>	1	1	2	
46	>>>>>	2	2	1	
47	<<<<<	1	1	1	
48	>>>>>	2	2	1	
49	>>>>>	2	2	1	
50	>><>>	1	1	2	
51	<<><<	2	2	2	
52	<<<<<	1	1	1	
53	<<><<	2	2	2	
54	<<<<<	1	1	1	
55	<<><<	2	2	2	
56	>>>>>	2	2	1	
57	>><>>	1	1	2	
58	<<><<	2	2	2	
59	<<><<	2	2	2	
60	>><>>	1	1	2	
61	>>>>>	2	2	1	
62	>>>>>	2	2	1	
63	<<><<	2	2	2	
64	<<<<<	1	1	1	
65	<<<<<	1	1	1	
66	<<><<	2	2	2	
67	>><>>	1	1	2	
68	<<><<	2	2	2	
69	>><>>	1	1	2	
70	<<<<<	1	1	1	
71	>><>>	1	1	2	
72	<<><<	2	2	2	
73	<<<<<	1	1	1	
74	<<><<	2	2	2	
75	<<><<	2	2	2	
76	>><>>	1	1	2	
77	>>>>>	2	2	1	
78	>>>>>	2	2	1	
79	<<<<<	1	1	1	
80	<<<<<	1	1	1	
81	>><>>	1	1	2	
82	<<><<	2	2	2	
83	>><>>	1	1	2	
84	>><>>	1	1	2	
85	>>>>>	2	2	1	
86	<<><<	2	2	2	
87	>><>>	1	1	2	
88	>><>>	1	1	2	
89	<<><<	2	2	2	
90	>><>>	1	1	2	
91	>>>>>	2	2	1	
92	>>>>>	2	2	1	
93	<<><<	2	2	2	
94	>><>>	1	1	2	
95	<<><<	2	2	2	
96	<<><<	2	2	2	
97	<<<<<	1	1	1	
98	>><>>	1	1	2	
99	<<<<<	1	1	1	
100	>>>>>	2	2	1	
101	<<><<	2	2	2	
102	<<<<<	1	1	1	
103	<<<<<	1	1	1	
104	>>>>>	2	2	1	
105	<<><<	2	2	2	
106	<<<<<	1	1	1	
107	<<<<<	1	1	1	
108	<<><<	2	2	2	
109	>><>>	1	1	2	
110	>>>>>	2	2	1	
111	<<><<	1	2	2	
112	<<><<	2	2	2	
113	<<><<	2	2	2	
114	<<<<<	1	1	1	
115	>>>>>	2	2	1	
116	>>>>>	2	2	1	
117	>><>>	2	1	2	
118	<<<<<	1	1	1	
119	>>>>>	2	2	1	
120	>>>>>	2	2	1	
121	<<<<<	1	1	1	
122	<<><<	2	2	2	
123	<<><<	2	2	2	
124	<<<<<	1	1	1	
125	<<<<<	1	1	1	
126	<<><<	2	2	2	
127	<<><<	2	2	2	
128	<<<<<	1	1	1	
129	<<<<<	1	1	1	
130	>>>>>	2	2	1	
131	<<<<<	1	1	1	
132	>><>>	2	1	2	
133	>>>>>	2	2	1	
134	<<><<	2	2	2	
135	<<<<<	1	1	1	
136	<<<<<	1	1	1	
137	<<<<<	1	1	1	
138	<<><<	2	2	2	
139	>>>>>	2	2	1	
140	>>>>>	2	2	1	
141	>>>>>	2	2	1	
142	>>>>>	2	2	1	
143	>><>>	2	1	2	
144	>>>>>	2	2	1	
145	>><>>	1	1	2	
146	>><>>	1	1	2	
147	>>>>>	2	2	1	
148	<<><<	2	2	2	
149	<<><<	2	2	2	
150	>><>>	2	1	2	
1	>><>>	1	1	2	
2	<<><<	2	2	2	
3	<<<<<	1	1	1	
4	<<><<	2	2	2	
5	>><>>	1	1	2	
6	<<<<<	1	1	1	
7	<<<<<	1	1	1	
8	>><>>	2	1	2	
9	>>>>>	2	2	1	
10	>><>>	1	1	2	
11	<<><<	1	2	2	
12	<<><<	2	2	2	
13	<<><<	2	2	2	
14	<<><<	2	2	2	
15	<<><<	2	2	2	
16	<<<<<	1	1	1	
17	<<><<	2	2	2	
18	>><>>	1	1	2	
19	<<<<<	1	1	1	
20	<<<<<	1	1	1	
21	>>>>>	2	2	1	
22	<<<<<	1	1	1	
23	<<<<<	1	1	1	
24	>>>>>	2	2	1	
25	>>>>>	2	2	1	
26	>><>>	1	1	2	
27	>>>>>	2	2	1	
28	>>>>>	2	2	1	
29	<<><<	1	2	2	
30	<<<<<	1	1	1	
31	>><>>	1	1	2	
32	<<<<<	1	1	1	
33	>><>>	1	1	2	
34	>><>>	1	1	2	
35	<<><<	2	2	2	
36	>><>>	1	1	2	
37	<<><<	2	2	2	
38	>>>>>	2	2	1	
39	>><>>	1	1	2	
40	<<<<<	1	1	1	
41	>><>>	1	1	2	
42	<<><<	2	2	2	
43	<<<<<	1	1	1	
44	>>>>>	2	2	1	
45	<<<<<	1	1	1	
46	<<<<<	1	1	1	
47	>>>>>	2	2	1	
48	<<><<	2	2	2	
49	<<><<	2	2	2	
50	<<><<	2	2	2	
51	<<><<	2	2	2	
52	<<><<	2	2	2	
53	>>>>>	2	2	1	
54	<<><<	2	2	2	
55	<<<<<	1	1	1	
56	<<><<	2	2	2	
57	<<><<	2	2	2	
58	<<><<	2	2	2	
59	<<><<	2	2	2	
60	>><>>	2	1	2	
61	>>>>>	2	2	1	
62	>>>>>	2	2	1	
63	>>>>>	2	2	1	
64	<<><<	2	2	2	
65	>><>>	1	1	2	
66	>>>>>	2	2	1	
67	<<><<	2	2	2	
68	<<<<<	1	1	1	
69	>><>>	1	1	2	
70	>>>>>	2	2	1	
71	>><>>	1	1	2	
72	<<<<<	1	1	1	
73	<<<<<	1	1	1	
74	<<<<<	1	1	1	
75	<<<<<	1	1	1	
76	>>>>>	2	2	1	
77	>><>>	1	1	2	
78	>><>>	1	1	2	
79	<<<<<	1	1	1	
80	>>>>>	2	2	1	
81	<<><<	2	2	2	
82	<<<<<	1	1	1	
83	<<<<<	1	1	1	
84	<<<<<	1	1	1	
85	>><>>	1	1	2	
86	>>>>>	2	2	1	
87	<<><<	2	2	2	
88	<<<<<	1	1	1	
89	>>>>>	2	2	1	
90	<<><<	2	2	2	
91	>><>>	1	1	2	
92	<<><<	2	2	2	
93	>>>>>	2	2	1	
94	<<<<<	1	1	1	
95	>>>>>	2	2	1	
96	>><>>	1	1	2	
97	>><>>	2	1	2	
98	>><>>	1	1	2	
99	<<<<<	1	1	1	
100	<<><<	2	2	2	
101	>>>>>	2	2	1	
102	>>>>>	2	2	1	
103	<<<<<	1	1	1	
104	<<><<	2	2	2	
105	>>>>>	2	2	1	
106	>><>>	1	1	2	
107	>>>>>	2	2	1	
108	<<><<	1	2	2	
109	>><>>	2	1	2	
110	>>>>>	2	2	1	
111	<<<<<	1	1	1	
112	<<<<<	1	1	1	
113	>><>>	1	1	2	
114	>><>>	1	1	2	
115	>>>>>	2	2	1	
116	>>>>>	2	2	1	
117	<<><<	2	2	2	
118	<<><<	2	2	2	
119	>><>>	1	1	2	
120	<<><<	2	2	2	
121	>><>>	1	1	2	
122	<<><<	2	2	2	
123	>>>>>	2	2	1	
124	>><>>	1	1	2	
125	<<><<	1	2	2	
126	>>>>>	2	2	1	
127	>><>>	1	1	2	
128	<<<<<	1	1	1	
129	>>>>>	2	2	1	
130	<<><<	2	2	2	
131	<<<<<	1	1	1	
132	<<><<	2	2	2	
133	<<><<	2	2	2	
134	>><>>	1	1	2	
135	<<<<<	1	1	1	
136	<<<<<	1	1	1	
137	<<<<<	1	1	1	
138	>>>>>	2	2	1	
139	>>>>>	2	2	1	
140	>>>>>	2	2	1	
141	>><>>	1	1	2	
142	>>>>>	2	2	1	
143	<<<<<	2	1	1	
144	<<<<<	1	1	1	
145	<<><<	2	2	2	
146	<<<<<	1	1	1	
147	<<<<<	1	1	1	
148	<<<<<	2	1	1	
149	>>>>>	2	2	1	
150	<<<<<	1	1	1	
