Respuestas
 EFT rapido:
 GS
 Columnas: 
- numero 
- estimulo 
- respuesta: 1izq 2der  
- direc: 1izq 2der  
- congruencia 1:cong 2:incong 

1	>>>>>	2	2	1	
2	<<><<	1	2	2	
3	>>>>>	2	2	1	
4	<<<<<	1	1	1	
5	<<><<	2	2	2	
6	>>>>>	2	2	1	
7	<<><<	2	2	2	
8	<<><<	2	2	2	
9	<<><<	2	2	2	
10	<<<<<	1	1	1	
11	>>>>>	2	2	1	
12	<<<<<	1	1	1	
13	<<<<<	1	1	1	
14	<<><<	2	2	2	
15	<<><<	2	2	2	
16	<<<<<	1	1	1	
17	<<><<	2	2	2	
18	>>>>>	2	2	1	
19	>>>>>	2	2	1	
20	>>>>>	2	2	1	
21	>>>>>	2	2	1	
22	<<><<	1	2	2	
23	>><>>	1	1	2	
24	<<><<	2	2	2	
25	<<<<<	1	1	1	
26	>><>>	2	1	2	
27	<<><<	2	2	2	
28	>>>>>	2	2	1	
29	>>>>>	2	2	1	
30	>>>>>	2	2	1	
31	>>>>>	2	2	1	
32	<<><<	1	2	2	
33	>>>>>	1	2	1	
34	<<><<	2	2	2	
35	<<><<	2	2	2	
36	>>>>>	2	2	1	
37	>>>>>	2	2	1	
38	<<><<	2	2	2	
39	>>>>>	2	2	1	
40	>><>>	2	1	2	
41	<<><<	2	2	2	
42	>>>>>	2	2	1	
43	<<><<	2	2	2	
44	>><>>	2	1	2	
45	>>>>>	2	2	1	
46	>>>>>	2	2	1	
47	<<<<<	2	1	1	
48	>><>>	2	1	2	
49	>>>>>	2	2	1	
50	>><>>	2	1	2	
51	<<<<<	1	1	1	
52	>>>>>	2	2	1	
53	>><>>	1	1	2	
54	<<<<<	1	1	1	
55	>>>>>	2	2	1	
56	<<<<<	1	1	1	
57	<<><<	2	2	2	
58	<<><<	2	2	2	
59	<<<<<	1	1	1	
60	<<<<<	1	1	1	
61	>>>>>	2	2	1	
62	>>>>>	2	2	1	
63	<<><<	2	2	2	
64	>>>>>	2	2	1	
65	>>>>>	2	2	1	
66	>><>>	2	1	2	
67	<<<<<	1	1	1	
68	<<<<<	1	1	1	
69	>>>>>	2	2	1	
70	<<><<	2	2	2	
71	>><>>	1	1	2	
72	>><>>	1	1	2	
73	>>>>>	2	2	1	
74	<<><<	2	2	2	
75	<<<<<	1	1	1	
76	>>>>>	2	2	1	
77	>><>>	1	1	2	
78	<<<<<	1	1	1	
79	<<><<	2	2	2	
80	<<<<<	1	1	1	
81	<<<<<	1	1	1	
82	<<><<	2	2	2	
83	>>>>>	2	2	1	
84	<<<<<	1	1	1	
85	<<><<	2	2	2	
86	<<<<<	1	1	1	
87	>>>>>	2	2	1	
88	>>>>>	1	2	1	
89	>><>>	1	1	2	
90	<<<<<	1	1	1	
91	<<<<<	1	1	1	
92	>><>>	2	1	2	
93	<<<<<	2	1	1	
94	>><>>	2	1	2	
95	>>>>>	2	2	1	
96	<<><<	2	2	2	
97	>><>>	1	1	2	
98	>><>>	1	1	2	
99	>>>>>	2	2	1	
100	>>>>>	2	2	1	
101	<<><<	1	2	2	
102	>><>>	1	1	2	
103	>><>>	1	1	2	
104	>>>>>	2	2	1	
105	<<><<	2	2	2	
106	<<><<	2	2	2	
107	>><>>	1	1	2	
108	<<<<<	1	1	1	
109	>><>>	1	1	2	
110	<<><<	2	2	2	
111	<<<<<	1	1	1	
112	<<<<<	1	1	1	
113	<<><<	2	2	2	
114	>><>>	1	1	2	
115	>>>>>	2	2	1	
116	>>>>>	2	2	1	
117	>><>>	1	1	2	
118	<<<<<	1	1	1	
119	>><>>	2	1	2	
120	<<><<	2	2	2	
121	>>>>>	2	2	1	
122	<<><<	2	2	2	
123	>><>>	1	1	2	
124	<<<<<	1	1	1	
125	>><>>	1	1	2	
126	<<<<<	1	1	1	
127	<<><<	2	2	2	
128	<<<<<	1	1	1	
129	<<><<	2	2	2	
130	<<><<	2	2	2	
131	<<<<<	1	1	1	
132	>><>>	1	1	2	
133	>>>>>	2	2	1	
134	<<<<<	1	1	1	
135	>><>>	2	1	2	
136	>>>>>	2	2	1	
137	<<><<	2	2	2	
138	<<<<<	1	1	1	
139	>>>>>	2	2	1	
140	<<><<	1	2	2	
141	<<<<<	1	1	1	
142	>>>>>	2	2	1	
143	>>>>>	2	2	1	
144	<<><<	2	2	2	
145	>>>>>	2	2	1	
146	<<<<<	1	1	1	
147	<<<<<	1	1	1	
148	<<><<	1	2	2	
149	>><>>	2	1	2	
150	<<<<<	1	1	1	
1	>>>>>	1	2	1	
2	>>>>>	2	2	1	
3	<<<<<	1	1	1	
4	<<<<<	1	1	1	
5	>><>>	1	1	2	
6	<<<<<	1	1	1	
7	>>>>>	2	2	1	
8	<<><<	1	2	2	
9	<<<<<	1	1	1	
10	<<><<	2	2	2	
11	>><>>	1	1	2	
12	>><>>	1	1	2	
13	>>>>>	2	2	1	
14	>>>>>	2	2	1	
15	>>>>>	2	2	1	
16	<<><<	1	2	2	
17	<<><<	2	2	2	
18	>>>>>	2	2	1	
19	<<<<<	1	1	1	
20	<<<<<	1	1	1	
21	>>>>>	2	2	1	
22	<<<<<	1	1	1	
23	<<><<	2	2	2	
24	>><>>	2	1	2	
25	<<><<	2	2	2	
26	>>>>>	2	2	1	
27	<<<<<	1	1	1	
28	>><>>	1	1	2	
29	>><>>	1	1	2	
30	<<><<	2	2	2	
31	>>>>>	2	2	1	
32	<<<<<	1	1	1	
33	<<<<<	1	1	1	
34	<<><<	2	2	2	
35	>>>>>	2	2	1	
36	<<<<<	1	1	1	
37	>>>>>	2	2	1	
38	<<><<	2	2	2	
39	<<<<<	1	1	1	
40	>><>>	1	1	2	
41	<<><<	2	2	2	
42	>><>>	1	1	2	
43	>><>>	2	1	2	
44	<<><<	2	2	2	
45	>><>>	2	1	2	
46	>>>>>	2	2	1	
47	<<><<	2	2	2	
48	<<<<<	1	1	1	
49	>>>>>	2	2	1	
50	>><>>	1	1	2	
51	>><>>	1	1	2	
52	>>>>>	2	2	1	
53	<<<<<	1	1	1	
54	>><>>	2	1	2	
55	<<><<	2	2	2	
56	<<><<	1	2	2	
57	>><>>	1	1	2	
58	<<><<	1	2	2	
59	>>>>>	2	2	1	
60	>><>>	1	1	2	
61	>><>>	2	1	2	
62	>><>>	2	1	2	
63	>><>>	1	1	2	
64	>>>>>	2	2	1	
65	<<><<	2	2	2	
66	>><>>	1	1	2	
67	>>>>>	2	2	1	
68	>>>>>	2	2	1	
69	>><>>	2	1	2	
70	<<><<	2	2	2	
71	>><>>	1	1	2	
72	>>>>>	2	2	1	
73	>><>>	1	1	2	
74	<<><<	2	2	2	
75	<<><<	2	2	2	
76	<<<<<	1	1	1	
77	>>>>>	1	2	1	
78	>>>>>	2	2	1	
79	<<<<<	1	1	1	
80	>>>>>	1	2	1	
81	>><>>	1	1	2	
82	<<<<<	2	1	1	
83	>>>>>	2	2	1	
84	<<<<<	1	1	1	
85	<<<<<	1	1	1	
86	<<><<	2	2	2	
87	>>>>>	2	2	1	
88	<<><<	2	2	2	
89	<<><<	2	2	2	
90	<<><<	2	2	2	
91	<<><<	2	2	2	
92	<<><<	2	2	2	
93	<<<<<	1	1	1	
94	>>>>>	2	2	1	
95	<<<<<	1	1	1	
96	>><>>	2	1	2	
97	>>>>>	1	2	1	
98	>>>>>	1	2	1	
99	<<><<	1	2	2	
100	>><>>	2	1	2	
101	<<><<	2	2	2	
102	<<><<	1	2	2	
103	>><>>	1	1	2	
104	<<><<	2	2	2	
105	>><>>	1	1	2	
106	<<<<<	1	1	1	
107	<<<<<	1	1	1	
108	>>>>>	2	2	1	
109	<<<<<	1	1	1	
110	>><>>	1	1	2	
111	<<><<	2	2	2	
112	<<><<	2	2	2	
113	<<><<	2	2	2	
114	>><>>	1	1	2	
115	<<<<<	2	1	1	
116	<<><<	2	2	2	
117	<<<<<	1	1	1	
118	>><>>	1	1	2	
119	<<><<	1	2	2	
120	>>>>>	2	2	1	
121	<<<<<	1	1	1	
122	>>>>>	2	2	1	
123	>>>>>	2	2	1	
124	<<<<<	1	1	1	
125	<<><<	2	2	2	
126	>><>>	1	1	2	
127	>><>>	1	1	2	
128	>>>>>	2	2	1	
129	>><>>	1	1	2	
130	>>>>>	2	2	1	
131	>>>>>	2	2	1	
132	<<><<	1	2	2	
133	>><>>	1	1	2	
134	>><>>	2	1	2	
135	<<><<	2	2	2	
136	<<><<	2	2	2	
137	>><>>	1	1	2	
138	<<<<<	1	1	1	
139	>><>>	2	1	2	
140	<<<<<	2	1	1	
141	<<<<<	1	1	1	
142	>><>>	1	1	2	
143	<<<<<	1	1	1	
144	<<<<<	1	1	1	
145	<<<<<	1	1	1	
146	<<><<	1	2	2	
147	>><>>	1	1	2	
148	<<><<	2	2	2	
149	>>>>>	2	2	1	
150	<<><<	2	2	2	
