Respuestas
 EFT rapido:
 FF
 Columnas: 
- numero 
- estimulo 
- respuesta: 1izq 2der  
- direc: 1izq 2der  
- congruencia 1:cong 2:incong 

1	>><>>	1	1	2	
2	<<<<<	1	1	1	
3	>><>>	1	1	2	
4	<<<<<	1	1	1	
5	>>>>>	2	2	1	
6	<<><<	2	2	2	
7	>>>>>	2	2	1	
8	>><>>	1	1	2	
9	<<><<	1	2	2	
10	>><>>	1	1	2	
11	<<><<	2	2	2	
12	>><>>	1	1	2	
13	<<<<<	1	1	1	
14	<<><<	2	2	2	
15	>><>>	1	1	2	
16	>><>>	1	1	2	
17	>><>>	1	1	2	
18	>>>>>	2	2	1	
19	>>>>>	1	2	1	
20	<<><<	2	2	2	
21	<<><<	2	2	2	
22	>>>>>	2	2	1	
23	>><>>	1	1	2	
24	>><>>	2	1	2	
25	<<><<	2	2	2	
26	>>>>>	2	2	1	
27	>><>>	1	1	2	
28	>><>>	1	1	2	
29	<<<<<	1	1	1	
30	<<><<	2	2	2	
31	>>>>>	2	2	1	
32	<<><<	2	2	2	
33	<<><<	2	2	2	
34	>>>>>	2	2	1	
35	<<<<<	1	1	1	
36	>>>>>	2	2	1	
37	>>>>>	2	2	1	
38	<<<<<	1	1	1	
39	>><>>	1	1	2	
40	<<<<<	1	1	1	
41	>><>>	1	1	2	
42	<<<<<	1	1	1	
43	<<><<	2	2	2	
44	<<><<	2	2	2	
45	<<<<<	1	1	1	
46	<<><<	2	2	2	
47	>><>>	2	1	2	
48	>><>>	1	1	2	
49	>>>>>	2	2	1	
50	<<><<	1	2	2	
51	<<><<	2	2	2	
52	<<><<	2	2	2	
53	>>>>>	2	2	1	
54	<<><<	2	2	2	
55	>>>>>	2	2	1	
56	>><>>	1	1	2	
57	>><>>	1	1	2	
58	<<<<<	1	1	1	
59	<<<<<	1	1	1	
60	>><>>	1	1	2	
61	<<><<	1	2	2	
62	>>>>>	2	2	1	
63	>><>>	1	1	2	
64	>><>>	1	1	2	
65	>>>>>	2	2	1	
66	<<<<<	1	1	1	
67	>>>>>	2	2	1	
68	>>>>>	2	2	1	
69	>><>>	1	1	2	
70	<<<<<	1	1	1	
71	<<><<	2	2	2	
72	<<<<<	1	1	1	
73	>>>>>	2	2	1	
74	<<<<<	1	1	1	
75	<<<<<	1	1	1	
76	>>>>>	1	2	1	
77	>>>>>	1	2	1	
78	>><>>	1	1	2	
79	<<<<<	1	1	1	
80	<<<<<	1	1	1	
81	<<><<	2	2	2	
82	<<><<	2	2	2	
83	>><>>	1	1	2	
84	>><>>	1	1	2	
85	>><>>	1	1	2	
86	<<><<	1	2	2	
87	>>>>>	2	2	1	
88	<<<<<	1	1	1	
89	<<><<	2	2	2	
90	<<<<<	1	1	1	
91	<<><<	2	2	2	
92	<<<<<	1	1	1	
93	<<<<<	1	1	1	
94	>><>>	1	1	2	
95	>>>>>	2	2	1	
96	>>>>>	2	2	1	
97	<<><<	2	2	2	
98	>><>>	1	1	2	
99	<<<<<	1	1	1	
100	<<<<<	1	1	1	
101	<<<<<	1	1	1	
102	<<><<	1	2	2	
103	>><>>	1	1	2	
104	>><>>	1	1	2	
105	>>>>>	2	2	1	
106	<<><<	2	2	2	
107	<<><<	2	2	2	
108	>>>>>	2	2	1	
109	<<><<	2	2	2	
110	>><>>	1	1	2	
111	<<><<	2	2	2	
112	>>>>>	2	2	1	
113	<<><<	2	2	2	
114	<<<<<	1	1	1	
115	<<<<<	1	1	1	
116	>>>>>	2	2	1	
117	>>>>>	2	2	1	
118	>><>>	1	1	2	
119	<<<<<	1	1	1	
120	>><>>	2	1	2	
121	<<<<<	1	1	1	
122	>>>>>	2	2	1	
123	>><>>	1	1	2	
124	>><>>	1	1	2	
125	>>>>>	2	2	1	
126	<<<<<	1	1	1	
127	<<><<	2	2	2	
128	>>>>>	2	2	1	
129	<<><<	2	2	2	
130	<<><<	2	2	2	
131	<<<<<	1	1	1	
132	>>>>>	2	2	1	
133	<<><<	2	2	2	
134	>>>>>	2	2	1	
135	>><>>	1	1	2	
136	<<<<<	1	1	1	
137	<<<<<	1	1	1	
138	>>>>>	2	2	1	
139	>>>>>	2	2	1	
140	>>>>>	2	2	1	
141	<<><<	2	2	2	
142	>>>>>	2	2	1	
143	<<><<	2	2	2	
144	>>>>>	2	2	1	
145	>><>>	1	1	2	
146	>>>>>	2	2	1	
147	<<><<	2	2	2	
148	>>>>>	2	2	1	
149	<<><<	2	2	2	
150	>><>>	1	1	2	
1	<<<<<	1	1	1	
2	>><>>	1	1	2	
3	<<<<<	1	1	1	
4	<<><<	2	2	2	
5	<<><<	2	2	2	
6	<<<<<	1	1	1	
7	>>>>>	2	2	1	
8	<<><<	2	2	2	
9	>><>>	1	1	2	
10	<<<<<	1	1	1	
11	>>>>>	2	2	1	
12	>><>>	1	1	2	
13	<<><<	2	2	2	
14	>><>>	1	1	2	
15	>>>>>	2	2	1	
16	<<<<<	1	1	1	
17	>><>>	1	1	2	
18	<<><<	2	2	2	
19	>><>>	1	1	2	
20	<<><<	1	2	2	
21	>>>>>	2	2	1	
22	>><>>	1	1	2	
23	<<<<<	1	1	1	
24	>><>>	1	1	2	
25	<<<<<	1	1	1	
26	<<><<	2	2	2	
27	<<<<<	1	1	1	
28	<<<<<	1	1	1	
29	>><>>	2	1	2	
30	<<><<	2	2	2	
31	<<><<	2	2	2	
32	>>>>>	2	2	1	
33	<<<<<	1	1	1	
34	>><>>	1	1	2	
35	<<<<<	1	1	1	
36	<<<<<	1	1	1	
37	<<><<	2	2	2	
38	<<<<<	1	1	1	
39	>>>>>	2	2	1	
40	>><>>	1	1	2	
41	<<><<	1	2	2	
42	<<<<<	1	1	1	
43	<<><<	2	2	2	
44	>>>>>	2	2	1	
45	<<<<<	1	1	1	
46	<<><<	2	2	2	
47	<<><<	2	2	2	
48	<<<<<	1	1	1	
49	<<<<<	1	1	1	
50	>>>>>	2	2	1	
51	>><>>	1	1	2	
52	>>>>>	2	2	1	
53	>><>>	1	1	2	
54	>>>>>	2	2	1	
55	>><>>	1	1	2	
56	>>>>>	2	2	1	
57	<<<<<	1	1	1	
58	>><>>	1	1	2	
59	>>>>>	2	2	1	
60	>><>>	1	1	2	
61	<<><<	1	2	2	
62	>>>>>	2	2	1	
63	>>>>>	2	2	1	
64	<<<<<	1	1	1	
65	<<<<<	1	1	1	
66	>>>>>	2	2	1	
67	<<><<	2	2	2	
68	<<<<<	1	1	1	
69	<<><<	1	2	2	
70	<<<<<	1	1	1	
71	<<<<<	1	1	1	
72	<<<<<	1	1	1	
73	<<><<	1	2	2	
74	>>>>>	2	2	1	
75	<<<<<	1	1	1	
76	>><>>	1	1	2	
77	>>>>>	1	2	1	
78	>><>>	1	1	2	
79	>><>>	1	1	2	
80	<<><<	2	2	2	
81	>>>>>	2	2	1	
82	>><>>	1	1	2	
83	<<><<	1	2	2	
84	>><>>	2	1	2	
85	>>>>>	2	2	1	
86	<<><<	2	2	2	
87	>><>>	2	1	2	
88	<<><<	1	2	2	
89	<<<<<	1	1	1	
90	>>>>>	2	2	1	
91	<<><<	2	2	2	
92	>>>>>	2	2	1	
93	<<<<<	2	1	1	
94	<<><<	2	2	2	
95	>>>>>	2	2	1	
96	>><>>	1	1	2	
97	>>>>>	2	2	1	
98	<<><<	2	2	2	
99	>><>>	2	1	2	
100	<<><<	2	2	2	
101	<<<<<	1	1	1	
102	<<<<<	1	1	1	
103	>>>>>	2	2	1	
104	>><>>	2	1	2	
105	<<><<	2	2	2	
106	<<<<<	1	1	1	
107	>><>>	2	1	2	
108	<<><<	2	2	2	
109	<<<<<	1	1	1	
110	>>>>>	2	2	1	
111	<<><<	2	2	2	
112	<<<<<	1	1	1	
113	>>>>>	2	2	1	
114	>>>>>	2	2	1	
115	>>>>>	2	2	1	
116	<<<<<	2	1	1	
117	>><>>	2	1	2	
118	<<><<	2	2	2	
119	<<<<<	1	1	1	
120	<<><<	2	2	2	
121	<<<<<	1	1	1	
122	<<<<<	1	1	1	
123	<<<<<	1	1	1	
124	<<<<<	1	1	1	
125	<<><<	2	2	2	
126	<<><<	2	2	2	
127	<<><<	2	2	2	
128	<<><<	2	2	2	
129	<<><<	2	2	2	
130	<<><<	2	2	2	
131	>>>>>	2	2	1	
132	>>>>>	2	2	1	
133	<<><<	2	2	2	
134	<<<<<	1	1	1	
135	<<><<	2	2	2	
136	<<><<	2	2	2	
137	>><>>	1	1	2	
138	>><>>	1	1	2	
139	>>>>>	2	2	1	
140	<<<<<	1	1	1	
141	>>>>>	2	2	1	
142	<<><<	2	2	2	
143	<<><<	2	2	2	
144	<<<<<	1	1	1	
145	>><>>	1	1	2	
146	<<><<	2	2	2	
147	<<><<	2	2	2	
148	<<<<<	1	1	1	
149	>>>>>	2	2	1	
150	<<<<<	1	1	1	
