Respuestas
 EFT lento :
 FF
 Columnas: 
- numero 
- estimulo 
- respuesta: 1izq 2der  
- direc: 1izq 2der  
- congruencia 1:cong 2:incong 

1	>>>>>	2	2	1	
2	>><>>	1	1	2	
3	<<><<	2	2	2	
4	<<<<<	1	1	1	
5	<<><<	2	2	2	
6	>><>>	1	1	2	
7	>><>>	2	1	2	
8	<<<<<	1	1	1	
9	<<><<	2	2	2	
10	>>>>>	2	2	1	
11	<<<<<	1	1	1	
12	>><>>	1	1	2	
13	>>>>>	2	2	1	
14	>><>>	1	1	2	
15	<<><<	2	2	2	
16	<<<<<	1	1	1	
17	<<<<<	1	1	1	
18	>><>>	1	1	2	
19	>><>>	1	1	2	
20	>>>>>	2	2	1	
21	>>>>>	2	2	1	
22	<<><<	2	2	2	
23	<<<<<	1	1	1	
24	<<<<<	1	1	1	
25	<<><<	2	2	2	
26	>><>>	1	1	2	
27	<<<<<	1	1	1	
28	>><>>	1	1	2	
29	<<><<	1	2	2	
30	>>>>>	2	2	1	
31	>>>>>	2	2	1	
32	>><>>	1	1	2	
33	>><>>	2	1	2	
34	>>>>>	2	2	1	
35	>>>>>	2	2	1	
36	<<<<<	1	1	1	
37	>>>>>	2	2	1	
38	>><>>	1	1	2	
39	<<<<<	1	1	1	
40	>>>>>	2	2	1	
41	<<><<	2	2	2	
42	>><>>	1	1	2	
43	>>>>>	2	2	1	
44	<<<<<	1	1	1	
45	>><>>	1	1	2	
46	<<<<<	1	1	1	
47	>>>>>	2	2	1	
48	>>>>>	2	2	1	
49	>>>>>	2	2	1	
50	>>>>>	2	2	1	
51	>><>>	1	1	2	
52	<<><<	2	2	2	
53	<<><<	2	2	2	
54	<<<<<	1	1	1	
55	<<><<	2	2	2	
56	>>>>>	2	2	1	
57	>>>>>	2	2	1	
58	<<<<<	1	1	1	
59	<<><<	2	2	2	
60	>><>>	1	1	2	
61	>>>>>	2	2	1	
62	>>>>>	2	2	1	
63	<<<<<	1	1	1	
64	>>>>>	2	2	1	
65	>>>>>	2	2	1	
66	<<><<	1	2	2	
67	>><>>	1	1	2	
68	<<><<	1	2	2	
69	<<<<<	1	1	1	
70	<<<<<	1	1	1	
71	<<><<	2	2	2	
72	>><>>	1	1	2	
73	<<><<	2	2	2	
74	>>>>>	2	2	1	
75	>><>>	1	1	2	
76	>>>>>	2	2	1	
77	>>>>>	2	2	1	
78	<<><<	2	2	2	
79	>><>>	1	1	2	
80	<<><<	2	2	2	
81	>>>>>	2	2	1	
82	<<><<	2	2	2	
83	<<><<	2	2	2	
84	<<><<	2	2	2	
85	>><>>	1	1	2	
86	<<<<<	1	1	1	
87	>>>>>	2	2	1	
88	>>>>>	2	2	1	
89	<<<<<	1	1	1	
90	<<<<<	1	1	1	
91	>><>>	1	1	2	
92	<<<<<	1	1	1	
93	<<<<<	1	1	1	
94	<<><<	2	2	2	
95	<<<<<	1	1	1	
96	>>>>>	2	2	1	
97	<<<<<	1	1	1	
98	>><>>	2	1	2	
99	>>>>>	2	2	1	
100	<<<<<	1	1	1	
101	>><>>	2	1	2	
102	<<><<	2	2	2	
103	>><>>	1	1	2	
104	>>>>>	2	2	1	
105	<<<<<	1	1	1	
106	>>>>>	2	2	1	
107	<<<<<	1	1	1	
108	>><>>	1	1	2	
109	>><>>	1	1	2	
110	>>>>>	2	2	1	
111	<<><<	2	2	2	
112	>>>>>	2	2	1	
113	>><>>	2	1	2	
114	<<<<<	1	1	1	
115	<<><<	2	2	2	
116	<<><<	2	2	2	
117	>><>>	1	1	2	
118	>><>>	1	1	2	
119	<<><<	2	2	2	
120	>>>>>	2	2	1	
121	>>>>>	2	2	1	
122	<<<<<	1	1	1	
123	>>>>>	2	2	1	
124	<<<<<	1	1	1	
125	>><>>	1	1	2	
126	>>>>>	2	2	1	
127	<<<<<	1	1	1	
128	>>>>>	2	2	1	
129	<<><<	2	2	2	
130	>><>>	1	1	2	
131	>>>>>	2	2	1	
132	>><>>	1	1	2	
133	<<><<	2	2	2	
134	<<><<	2	2	2	
135	<<><<	2	2	2	
136	<<<<<	1	1	1	
137	<<><<	2	2	2	
138	<<><<	2	2	2	
139	>><>>	1	1	2	
140	<<<<<	1	1	1	
141	>><>>	2	1	2	
142	<<><<	2	2	2	
143	>>>>>	2	2	1	
144	<<><<	2	2	2	
145	>>>>>	2	2	1	
146	<<><<	2	2	2	
147	>>>>>	2	2	1	
148	>>>>>	2	2	1	
149	<<><<	2	2	2	
150	<<><<	2	2	2	
1	>><>>	1	1	2	
2	>>>>>	2	2	1	
3	<<><<	2	2	2	
4	>>>>>	2	2	1	
5	>>>>>	2	2	1	
6	<<<<<	1	1	1	
7	<<<<<	1	1	1	
8	>>>>>	2	2	1	
9	<<<<<	1	1	1	
10	>>>>>	2	2	1	
11	>><>>	2	1	2	
12	>><>>	1	1	2	
13	<<<<<	1	1	1	
14	<<<<<	1	1	1	
15	<<<<<	1	1	1	
16	>><>>	1	1	2	
17	<<<<<	1	1	1	
18	<<><<	2	2	2	
19	>><>>	1	1	2	
20	>><>>	1	1	2	
21	>><>>	1	1	2	
22	>><>>	1	1	2	
23	>>>>>	2	2	1	
24	<<<<<	1	1	1	
25	<<<<<	1	1	1	
26	<<><<	2	2	2	
27	>><>>	1	1	2	
28	<<<<<	1	1	1	
29	<<<<<	1	1	1	
30	<<<<<	1	1	1	
31	>><>>	1	1	2	
32	>>>>>	2	2	1	
33	>><>>	1	1	2	
34	>>>>>	2	2	1	
35	<<<<<	1	1	1	
36	>><>>	1	1	2	
37	>>>>>	2	2	1	
38	<<><<	2	2	2	
39	>>>>>	2	2	1	
40	<<><<	2	2	2	
41	>>>>>	2	2	1	
42	>><>>	1	1	2	
43	>><>>	1	1	2	
44	>>>>>	2	2	1	
45	>>>>>	2	2	1	
46	>>>>>	2	2	1	
47	>><>>	1	1	2	
48	<<<<<	1	1	1	
49	>>>>>	2	2	1	
50	>>>>>	2	2	1	
51	>><>>	1	1	2	
52	>><>>	1	1	2	
53	<<<<<	1	1	1	
54	<<<<<	1	1	1	
55	<<<<<	1	1	1	
56	>><>>	1	1	2	
57	>><>>	1	1	2	
58	<<<<<	1	1	1	
59	>>>>>	1	2	1	
60	<<><<	2	2	2	
61	<<><<	2	2	2	
62	<<<<<	1	1	1	
63	<<<<<	1	1	1	
64	<<><<	2	2	2	
65	<<><<	2	2	2	
66	<<><<	2	2	2	
67	>><>>	1	1	2	
68	>>>>>	2	2	1	
69	>>>>>	2	2	1	
70	<<><<	2	2	2	
71	<<<<<	1	1	1	
72	>>>>>	2	2	1	
73	<<<<<	1	1	1	
74	>>>>>	2	2	1	
75	<<<<<	1	1	1	
76	<<><<	2	2	2	
77	>>>>>	2	2	1	
78	<<><<	2	2	2	
79	<<><<	2	2	2	
80	>>>>>	2	2	1	
81	>><>>	1	1	2	
82	<<><<	2	2	2	
83	<<<<<	1	1	1	
84	>><>>	1	1	2	
85	<<><<	2	2	2	
86	>>>>>	2	2	1	
87	>><>>	1	1	2	
88	<<<<<	1	1	1	
89	<<><<	2	2	2	
90	>><>>	1	1	2	
91	>>>>>	2	2	1	
92	<<<<<	1	1	1	
93	>>>>>	2	2	1	
94	<<><<	2	2	2	
95	<<><<	2	2	2	
96	>><>>	1	1	2	
97	>><>>	1	1	2	
98	>><>>	1	1	2	
99	<<><<	2	2	2	
100	<<<<<	1	1	1	
101	<<><<	2	2	2	
102	<<<<<	1	1	1	
103	>>>>>	2	2	1	
104	>><>>	1	1	2	
105	<<><<	1	2	2	
106	>>>>>	2	2	1	
107	<<<<<	1	1	1	
108	>><>>	1	1	2	
109	<<<<<	1	1	1	
110	>>>>>	2	2	1	
111	<<><<	2	2	2	
112	>>>>>	2	2	1	
113	<<<<<	1	1	1	
114	>>>>>	2	2	1	
115	>>>>>	2	2	1	
116	<<><<	2	2	2	
117	<<<<<	1	1	1	
118	>><>>	1	1	2	
119	>><>>	1	1	2	
120	>>>>>	2	2	1	
121	<<><<	2	2	2	
122	<<<<<	1	1	1	
123	<<<<<	1	1	1	
124	<<><<	2	2	2	
125	>>>>>	2	2	1	
126	>>>>>	2	2	1	
127	<<><<	2	2	2	
128	>>>>>	2	2	1	
129	<<<<<	1	1	1	
130	<<><<	2	2	2	
131	>>>>>	2	2	1	
132	<<><<	2	2	2	
133	<<<<<	1	1	1	
134	<<><<	2	2	2	
135	<<><<	2	2	2	
136	>><>>	2	1	2	
137	<<<<<	1	1	1	
138	<<><<	2	2	2	
139	>><>>	1	1	2	
140	>><>>	1	1	2	
141	>><>>	1	1	2	
142	>><>>	2	1	2	
143	<<><<	2	2	2	
144	>><>>	1	1	2	
145	<<><<	2	2	2	
146	<<><<	2	2	2	
147	<<><<	2	2	2	
148	>>>>>	2	2	1	
149	>><>>	1	1	2	
150	<<<<<	1	1	1	
