Respuestas
 EFT lento :
 VL
 Columnas: 
- numero 
- estimulo 
- respuesta: 1izq 2der  
- direc: 1izq 2der  
- congruencia 1:cong 2:incong 

1	>>>>>	2	2	1	
2	>><>>	1	1	2	
3	<<<<<	1	1	1	
4	>>>>>	1	2	1	
5	<<><<	2	2	2	
6	<<<<<	1	1	1	
7	>><>>	1	1	2	
8	>><>>	1	1	2	
9	>>>>>	2	2	1	
10	<<<<<	1	1	1	
11	<<><<	2	2	2	
12	<<<<<	1	1	1	
13	<<<<<	1	1	1	
14	>><>>	1	1	2	
15	<<<<<	1	1	1	
16	>><>>	1	1	2	
17	>>>>>	2	2	1	
18	<<><<	2	2	2	
19	>>>>>	2	2	1	
20	>>>>>	2	2	1	
21	<<><<	2	2	2	
22	>><>>	1	1	2	
23	<<<<<	1	1	1	
24	>>>>>	1	2	1	
25	>><>>	1	1	2	
26	>>>>>	1	2	1	
27	<<<<<	1	1	1	
28	>><>>	1	1	2	
29	>><>>	1	1	2	
30	>><>>	1	1	2	
31	>>>>>	1	2	1	
32	<<><<	2	2	2	
33	<<<<<	2	1	1	
34	>><>>	1	1	2	
35	>>>>>	2	2	1	
36	<<<<<	1	1	1	
37	>>>>>	2	2	1	
38	>>>>>	2	2	1	
39	<<<<<	1	1	1	
40	<<><<	2	2	2	
41	>>>>>	2	2	1	
42	>>>>>	2	2	1	
43	>>>>>	2	2	1	
44	<<<<<	1	1	1	
45	<<<<<	1	1	1	
46	>><>>	1	1	2	
47	<<<<<	1	1	1	
48	>>>>>	2	2	1	
49	<<><<	2	2	2	
50	>><>>	1	1	2	
51	<<><<	2	2	2	
52	<<><<	2	2	2	
53	>><>>	1	1	2	
54	<<><<	2	2	2	
55	>>>>>	2	2	1	
56	>><>>	1	1	2	
57	>>>>>	2	2	1	
58	>><>>	1	1	2	
59	>>>>>	2	2	1	
60	<<<<<	1	1	1	
61	>>>>>	2	2	1	
62	<<<<<	1	1	1	
63	>><>>	1	1	2	
64	<<><<	1	2	2	
65	>><>>	1	1	2	
66	>>>>>	2	2	1	
67	>>>>>	2	2	1	
68	>>>>>	2	2	1	
69	<<<<<	1	1	1	
70	>>>>>	2	2	1	
71	<<><<	2	2	2	
72	>>>>>	2	2	1	
73	<<><<	2	2	2	
74	>>>>>	2	2	1	
75	>><>>	2	1	2	
76	<<><<	2	2	2	
77	>><>>	1	1	2	
78	<<<<<	1	1	1	
79	>><>>	1	1	2	
80	>><>>	1	1	2	
81	<<><<	2	2	2	
82	<<<<<	1	1	1	
83	<<<<<	1	1	1	
84	>><>>	1	1	2	
85	<<<<<	1	1	1	
86	>><>>	1	1	2	
87	<<<<<	1	1	1	
88	<<><<	2	2	2	
89	<<<<<	1	1	1	
90	<<<<<	1	1	1	
91	<<><<	1	2	2	
92	<<><<	1	2	2	
93	<<><<	2	2	2	
94	>>>>>	2	2	1	
95	>>>>>	2	2	1	
96	<<><<	2	2	2	
97	>>>>>	2	2	1	
98	<<><<	2	2	2	
99	>>>>>	2	2	1	
100	<<><<	1	2	2	
101	<<><<	1	2	2	
102	<<><<	2	2	2	
103	<<<<<	1	1	1	
104	<<><<	1	2	2	
105	>>>>>	2	2	1	
106	<<><<	2	2	2	
107	>>>>>	2	2	1	
108	>>>>>	2	2	1	
109	<<><<	2	2	2	
110	>><>>	1	1	2	
111	>><>>	1	1	2	
112	<<<<<	1	1	1	
113	<<<<<	1	1	1	
114	<<><<	2	2	2	
115	<<><<	2	2	2	
116	<<<<<	1	1	1	
117	>><>>	1	1	2	
118	>><>>	1	1	2	
119	<<<<<	1	1	1	
120	<<<<<	1	1	1	
121	<<><<	1	2	2	
122	>><>>	1	1	2	
123	<<<<<	1	1	1	
124	>><>>	1	1	2	
125	<<><<	1	2	2	
126	>>>>>	2	2	1	
127	<<<<<	1	1	1	
128	>><>>	1	1	2	
129	<<><<	1	2	2	
130	<<<<<	1	1	1	
131	>>>>>	1	2	1	
132	<<<<<	1	1	1	
133	>><>>	1	1	2	
134	>><>>	1	1	2	
135	>><>>	1	1	2	
136	<<><<	2	2	2	
137	<<><<	2	2	2	
138	<<<<<	1	1	1	
139	>>>>>	2	2	1	
140	>><>>	1	1	2	
141	<<<<<	1	1	1	
142	<<<<<	1	1	1	
143	<<><<	2	2	2	
144	<<><<	2	2	2	
145	<<><<	2	2	2	
146	<<<<<	2	1	1	
147	<<<<<	2	1	1	
148	<<<<<	1	1	1	
149	<<><<	2	2	2	
150	<<<<<	2	1	1	
1	>>>>>	2	2	1	
2	>>>>>	2	2	1	
3	>><>>	1	1	2	
4	<<<<<	1	1	1	
5	>><>>	1	1	2	
6	<<><<	2	2	2	
7	>><>>	1	1	2	
8	<<><<	2	2	2	
9	<<><<	2	2	2	
10	>><>>	1	1	2	
11	<<><<	1	2	2	
12	>><>>	1	1	2	
13	>><>>	1	1	2	
14	<<><<	2	2	2	
15	>>>>>	2	2	1	
16	>>>>>	2	2	1	
17	>>>>>	2	2	1	
18	>>>>>	2	2	1	
19	<<><<	2	2	2	
20	>>>>>	2	2	1	
21	>>>>>	2	2	1	
22	>>>>>	2	2	1	
23	<<><<	2	2	2	
24	<<<<<	1	1	1	
25	>><>>	1	1	2	
26	>><>>	1	1	2	
27	>>>>>	2	2	1	
28	<<><<	2	2	2	
29	<<<<<	2	1	1	
30	>><>>	1	1	2	
31	<<><<	2	2	2	
32	<<<<<	1	1	1	
33	<<<<<	1	1	1	
34	<<<<<	1	1	1	
35	<<><<	2	2	2	
36	>><>>	1	1	2	
37	>><>>	1	1	2	
38	<<><<	2	2	2	
39	>>>>>	2	2	1	
40	>>>>>	2	2	1	
41	<<<<<	1	1	1	
42	>>>>>	2	2	1	
43	<<<<<	1	1	1	
44	>>>>>	2	2	1	
45	<<<<<	1	1	1	
46	>>>>>	2	2	1	
47	<<<<<	1	1	1	
48	>><>>	1	1	2	
49	<<<<<	1	1	1	
50	>>>>>	2	2	1	
51	<<><<	2	2	2	
52	<<><<	2	2	2	
53	>>>>>	2	2	1	
54	<<><<	2	2	2	
55	<<<<<	1	1	1	
56	>>>>>	1	2	1	
57	<<><<	2	2	2	
58	>>>>>	2	2	1	
59	<<<<<	1	1	1	
60	<<><<	2	2	2	
61	>><>>	2	1	2	
62	<<><<	2	2	2	
63	<<><<	2	2	2	
64	>>>>>	2	2	1	
65	>>>>>	2	2	1	
66	<<><<	2	2	2	
67	>>>>>	2	2	1	
68	>><>>	1	1	2	
69	>>>>>	1	2	1	
70	>>>>>	2	2	1	
71	>><>>	1	1	2	
72	<<><<	2	2	2	
73	<<><<	2	2	2	
74	>>>>>	2	2	1	
75	>><>>	1	1	2	
76	<<<<<	1	1	1	
77	>>>>>	1	2	1	
78	<<><<	1	2	2	
79	<<><<	2	2	2	
80	>><>>	1	1	2	
81	<<><<	2	2	2	
82	<<<<<	1	1	1	
83	>><>>	1	1	2	
84	<<<<<	1	1	1	
85	>><>>	1	1	2	
86	>>>>>	1	2	1	
87	<<><<	2	2	2	
88	>>>>>	2	2	1	
89	<<<<<	1	1	1	
90	>>>>>	2	2	1	
91	>>>>>	2	2	1	
92	>><>>	2	1	2	
93	<<<<<	1	1	1	
94	>>>>>	2	2	1	
95	>><>>	2	1	2	
96	>><>>	1	1	2	
97	>>>>>	2	2	1	
98	<<><<	2	2	2	
99	<<<<<	1	1	1	
100	<<<<<	1	1	1	
101	<<><<	2	2	2	
102	>><>>	2	1	2	
103	>>>>>	2	2	1	
104	<<<<<	1	1	1	
105	>>>>>	1	2	1	
106	<<<<<	1	1	1	
107	<<><<	1	2	2	
108	>><>>	1	1	2	
109	<<><<	2	2	2	
110	<<><<	2	2	2	
111	<<><<	2	2	2	
112	<<><<	2	2	2	
113	<<><<	2	2	2	
114	<<><<	2	2	2	
115	<<<<<	1	1	1	
116	>>>>>	2	2	1	
117	<<<<<	1	1	1	
118	<<<<<	1	1	1	
119	>><>>	1	1	2	
120	<<><<	1	2	2	
121	>><>>	1	1	2	
122	>>>>>	2	2	1	
123	>>>>>	2	2	1	
124	<<<<<	2	1	1	
125	<<<<<	1	1	1	
126	<<<<<	1	1	1	
127	>>>>>	2	2	1	
128	>>>>>	2	2	1	
129	>>>>>	2	2	1	
130	>>>>>	2	2	1	
131	>>>>>	2	2	1	
132	>><>>	1	1	2	
133	>>>>>	2	2	1	
134	<<><<	2	2	2	
135	<<<<<	1	1	1	
136	<<><<	1	2	2	
137	>><>>	1	1	2	
138	<<><<	2	2	2	
139	<<<<<	1	1	1	
140	>>>>>	2	2	1	
141	<<<<<	1	1	1	
142	<<<<<	1	1	1	
143	<<<<<	1	1	1	
144	<<><<	2	2	2	
145	>><>>	1	1	2	
146	<<><<	2	2	2	
147	<<><<	2	2	2	
148	>><>>	1	1	2	
149	<<><<	1	2	2	
150	>>>>>	2	2	1	
