Respuestas
 EFT rapido:
 VL
 Columnas: 
- numero 
- estimulo 
- respuesta: 1izq 2der  
- direc: 1izq 2der  
- congruencia 1:cong 2:incong 

1	>>>>>	2	2	1	
2	>><>>	1	1	2	
3	>>>>>	2	2	1	
4	<<<<<	1	1	1	
5	>><>>	1	1	2	
6	>><>>	1	1	2	
7	>>>>>	2	2	1	
8	<<<<<	1	1	1	
9	<<><<	2	2	2	
10	>>>>>	1	2	1	
11	<<<<<	1	1	1	
12	<<><<	2	2	2	
13	>><>>	1	1	2	
14	>><>>	1	1	2	
15	<<<<<	1	1	1	
16	>><>>	1	1	2	
17	>><>>	1	1	2	
18	>><>>	1	1	2	
19	>>>>>	2	2	1	
20	>>>>>	2	2	1	
21	>><>>	1	1	2	
22	>>>>>	2	2	1	
23	<<><<	1	2	2	
24	<<<<<	1	1	1	
25	>><>>	2	1	2	
26	>>>>>	1	2	1	
27	<<><<	1	2	2	
28	<<><<	2	2	2	
29	<<><<	1	2	2	
30	<<<<<	2	1	1	
31	>><>>	1	1	2	
32	<<<<<	1	1	1	
33	<<<<<	1	1	1	
34	>>>>>	2	2	1	
35	>>>>>	2	2	1	
36	>>>>>	2	2	1	
37	<<<<<	1	1	1	
38	>><>>	1	1	2	
39	<<<<<	1	1	1	
40	<<<<<	1	1	1	
41	<<><<	1	2	2	
42	>><>>	1	1	2	
43	<<<<<	1	1	1	
44	<<<<<	1	1	1	
45	<<<<<	1	1	1	
46	<<><<	2	2	2	
47	>>>>>	2	2	1	
48	<<><<	2	2	2	
49	<<><<	2	2	2	
50	>>>>>	2	2	1	
51	>>>>>	2	2	1	
52	>><>>	1	1	2	
53	>>>>>	2	2	1	
54	>>>>>	1	2	1	
55	>><>>	1	1	2	
56	<<<<<	1	1	1	
57	>>>>>	1	2	1	
58	<<><<	1	2	2	
59	>><>>	1	1	2	
60	<<<<<	1	1	1	
61	<<><<	2	2	2	
62	<<<<<	1	1	1	
63	<<><<	1	2	2	
64	>><>>	1	1	2	
65	<<<<<	1	1	1	
66	>><>>	1	1	2	
67	>><>>	1	1	2	
68	<<><<	2	2	2	
69	>><>>	1	1	2	
70	<<<<<	1	1	1	
71	<<<<<	1	1	1	
72	>>>>>	2	2	1	
73	>><>>	1	1	2	
74	<<<<<	1	1	1	
75	>>>>>	2	2	1	
76	>><>>	1	1	2	
77	<<<<<	1	1	1	
78	<<<<<	2	1	1	
79	<<<<<	1	1	1	
80	>><>>	1	1	2	
81	<<><<	2	2	2	
82	<<<<<	1	1	1	
83	<<<<<	1	1	1	
84	>><>>	2	1	2	
85	<<<<<	1	1	1	
86	<<><<	2	2	2	
87	<<<<<	2	1	1	
88	>>>>>	2	2	1	
89	>><>>	2	1	2	
90	>>>>>	2	2	1	
91	<<><<	1	2	2	
92	>>>>>	2	2	1	
93	>><>>	1	1	2	
94	<<<<<	1	1	1	
95	>><>>	1	1	2	
96	<<<<<	1	1	1	
97	<<<<<	1	1	1	
98	<<<<<	1	1	1	
99	>><>>	1	1	2	
100	<<><<	2	2	2	
101	>>>>>	2	2	1	
102	>><>>	1	1	2	
103	<<><<	2	2	2	
104	>>>>>	2	2	1	
105	<<<<<	1	1	1	
106	<<><<	2	2	2	
107	<<><<	2	2	2	
108	>>>>>	2	2	1	
109	>><>>	1	1	2	
110	<<><<	2	2	2	
111	<<><<	1	2	2	
112	<<><<	2	2	2	
113	<<<<<	1	1	1	
114	>>>>>	2	2	1	
115	<<><<	1	2	2	
116	<<><<	2	2	2	
117	>>>>>	2	2	1	
118	<<<<<	1	1	1	
119	>><>>	1	1	2	
120	<<><<	2	2	2	
121	>><>>	2	1	2	
122	<<><<	2	2	2	
123	>><>>	2	1	2	
124	>><>>	1	1	2	
125	<<<<<	1	1	1	
126	<<><<	1	2	2	
127	>>>>>	2	2	1	
128	>>>>>	2	2	1	
129	<<><<	2	2	2	
130	>>>>>	2	2	1	
131	>><>>	1	1	2	
132	<<<<<	1	1	1	
133	>><>>	2	1	2	
134	<<><<	1	2	2	
135	>>>>>	1	2	1	
136	<<<<<	1	1	1	
137	>><>>	1	1	2	
138	>>>>>	2	2	1	
139	>>>>>	2	2	1	
140	<<><<	2	2	2	
141	>>>>>	2	2	1	
142	<<><<	2	2	2	
143	<<<<<	1	1	1	
144	>>>>>	2	2	1	
145	<<><<	1	2	2	
146	>><>>	1	1	2	
147	<<><<	2	2	2	
148	>><>>	1	1	2	
149	>>>>>	2	2	1	
150	>>>>>	2	2	1	
1	>>>>>	2	2	1	
2	>>>>>	1	2	1	
3	>><>>	1	1	2	
4	<<><<	2	2	2	
5	>>>>>	2	2	1	
6	>><>>	2	1	2	
7	<<<<<	1	1	1	
8	>>>>>	2	2	1	
9	>>>>>	2	2	1	
10	<<<<<	2	1	1	
11	<<><<	1	2	2	
12	<<><<	2	2	2	
13	>><>>	1	1	2	
14	<<><<	2	2	2	
15	>><>>	1	1	2	
16	>>>>>	1	2	1	
17	<<<<<	1	1	1	
18	<<><<	2	2	2	
19	<<<<<	2	1	1	
20	>>>>>	2	2	1	
21	<<<<<	2	1	1	
22	<<<<<	1	1	1	
23	>><>>	1	1	2	
24	>>>>>	2	2	1	
25	>>>>>	2	2	1	
26	>>>>>	2	2	1	
27	>><>>	1	1	2	
28	>>>>>	2	2	1	
29	>>>>>	2	2	1	
30	<<<<<	1	1	1	
31	<<><<	2	2	2	
32	>>>>>	2	2	1	
33	>>>>>	2	2	1	
34	<<<<<	1	1	1	
35	<<><<	2	2	2	
36	<<><<	2	2	2	
37	>>>>>	2	2	1	
38	<<<<<	1	1	1	
39	<<<<<	1	1	1	
40	<<><<	1	2	2	
41	<<<<<	1	1	1	
42	>>>>>	2	2	1	
43	<<<<<	1	1	1	
44	<<><<	2	2	2	
45	<<<<<	1	1	1	
46	<<<<<	1	1	1	
47	>>>>>	2	2	1	
48	>><>>	1	1	2	
49	>><>>	1	1	2	
50	>><>>	1	1	2	
51	>>>>>	2	2	1	
52	<<><<	1	2	2	
53	<<<<<	1	1	1	
54	>><>>	1	1	2	
55	<<><<	2	2	2	
56	>>>>>	2	2	1	
57	>><>>	1	1	2	
58	<<<<<	2	1	1	
59	<<<<<	2	1	1	
60	<<><<	2	2	2	
61	>>>>>	2	2	1	
62	>>>>>	2	2	1	
63	>><>>	1	1	2	
64	<<><<	1	2	2	
65	<<<<<	1	1	1	
66	>><>>	2	1	2	
67	<<<<<	1	1	1	
68	>><>>	1	1	2	
69	>><>>	1	1	2	
70	<<<<<	1	1	1	
71	<<<<<	1	1	1	
72	<<><<	1	2	2	
73	>>>>>	1	2	1	
74	<<<<<	1	1	1	
75	>>>>>	2	2	1	
76	>><>>	1	1	2	
77	<<><<	2	2	2	
78	>>>>>	2	2	1	
79	>>>>>	2	2	1	
80	>>>>>	2	2	1	
81	<<><<	2	2	2	
82	<<><<	2	2	2	
83	>><>>	1	1	2	
84	<<<<<	1	1	1	
85	>><>>	1	1	2	
86	<<><<	1	2	2	
87	>>>>>	1	2	1	
88	<<><<	1	2	2	
89	>>>>>	2	2	1	
90	<<><<	2	2	2	
91	>><>>	1	1	2	
92	>>>>>	2	2	1	
93	>>>>>	2	2	1	
94	>><>>	1	1	2	
95	<<<<<	1	1	1	
96	>><>>	1	1	2	
97	<<><<	2	2	2	
98	>>>>>	2	2	1	
99	<<<<<	1	1	1	
100	>>>>>	2	2	1	
101	>><>>	1	1	2	
102	>>>>>	2	2	1	
103	>><>>	1	1	2	
104	>><>>	2	1	2	
105	<<<<<	2	1	1	
106	>><>>	2	1	2	
107	<<<<<	2	1	1	
108	>><>>	2	1	2	
109	>><>>	2	1	2	
110	<<><<	2	2	2	
111	>>>>>	2	2	1	
112	<<><<	2	2	2	
113	<<><<	2	2	2	
114	>>>>>	2	2	1	
115	<<><<	2	2	2	
116	<<<<<	2	1	1	
117	<<><<	2	2	2	
118	<<<<<	1	1	1	
119	<<><<	2	2	2	
120	<<><<	2	2	2	
121	<<<<<	1	1	1	
122	<<><<	2	2	2	
123	>>>>>	2	2	1	
124	<<><<	2	2	2	
125	>><>>	1	1	2	
126	<<<<<	1	1	1	
127	<<<<<	1	1	1	
128	>><>>	1	1	2	
129	<<><<	2	2	2	
130	>>>>>	1	2	1	
131	>>>>>	2	2	1	
132	>>>>>	2	2	1	
133	<<><<	2	2	2	
134	<<><<	2	2	2	
135	>><>>	2	1	2	
136	>><>>	2	1	2	
137	>><>>	1	1	2	
138	>><>>	1	1	2	
139	>><>>	1	1	2	
140	>><>>	1	1	2	
141	<<<<<	1	1	1	
142	<<><<	2	2	2	
143	>>>>>	2	2	1	
144	<<><<	2	2	2	
145	>>>>>	2	2	1	
146	>><>>	2	1	2	
147	<<><<	2	2	2	
148	<<><<	2	2	2	
149	>><>>	1	1	2	
150	<<<<<	1	1	1	
