Respuestas
 EFT lento :
 NA
 Columnas: 
- numero 
- estimulo 
- respuesta: 1izq 2der  
- direc: 1izq 2der  
- congruencia 1:cong 2:incong 

1	<<<<<	1	1	1	
2	>>>>>	2	2	1	
3	<<><<	2	2	2	
4	>><>>	1	1	2	
5	>>>>>	2	2	1	
6	>><>>	1	1	2	
7	>>>>>	2	2	1	
8	>>>>>	2	2	1	
9	<<><<	2	2	2	
10	<<<<<	1	1	1	
11	>><>>	1	1	2	
12	>><>>	1	1	2	
13	<<><<	2	2	2	
14	<<><<	2	2	2	
15	>><>>	1	1	2	
16	<<><<	2	2	2	
17	>><>>	1	1	2	
18	<<<<<	1	1	1	
19	>>>>>	2	2	1	
20	<<><<	2	2	2	
21	<<><<	2	2	2	
22	>>>>>	2	2	1	
23	>>>>>	2	2	1	
24	<<<<<	1	1	1	
25	<<<<<	1	1	1	
26	>><>>	1	1	2	
27	>><>>	1	1	2	
28	<<<<<	1	1	1	
29	>>>>>	2	2	1	
30	<<<<<	1	1	1	
31	<<<<<	1	1	1	
32	>>>>>	2	2	1	
33	>><>>	1	1	2	
34	>>>>>	2	2	1	
35	>>>>>	2	2	1	
36	>><>>	1	1	2	
37	<<<<<	1	1	1	
38	>><>>	1	1	2	
39	<<<<<	1	1	1	
40	>>>>>	2	2	1	
41	<<><<	2	2	2	
42	<<<<<	1	1	1	
43	>><>>	1	1	2	
44	<<><<	2	2	2	
45	>>>>>	2	2	1	
46	<<<<<	1	1	1	
47	<<<<<	1	1	1	
48	<<><<	2	2	2	
49	>>>>>	2	2	1	
50	>>>>>	2	2	1	
51	<<><<	2	2	2	
52	<<><<	2	2	2	
53	>>>>>	2	2	1	
54	<<><<	2	2	2	
55	>><>>	1	1	2	
56	<<<<<	1	1	1	
57	>>>>>	2	2	1	
58	<<<<<	1	1	1	
59	<<<<<	1	1	1	
60	>>>>>	2	2	1	
61	<<><<	2	2	2	
62	>>>>>	2	2	1	
63	>>>>>	2	2	1	
64	<<><<	2	2	2	
65	>><>>	1	1	2	
66	<<><<	2	2	2	
67	<<<<<	1	1	1	
68	<<><<	2	2	2	
69	<<<<<	1	1	1	
70	<<<<<	1	1	1	
71	<<<<<	1	1	1	
72	>><>>	2	1	2	
73	>>>>>	2	2	1	
74	>><>>	1	1	2	
75	>><>>	1	1	2	
76	<<><<	2	2	2	
77	>><>>	1	1	2	
78	>><>>	1	1	2	
79	>><>>	1	1	2	
80	>><>>	1	1	2	
81	>>>>>	2	2	1	
82	<<><<	2	2	2	
83	<<><<	2	2	2	
84	<<<<<	1	1	1	
85	>><>>	1	1	2	
86	<<><<	1	2	2	
87	>><>>	1	1	2	
88	<<><<	2	2	2	
89	>><>>	1	1	2	
90	<<><<	2	2	2	
91	<<<<<	1	1	1	
92	>>>>>	2	2	1	
93	<<><<	2	2	2	
94	>><>>	1	1	2	
95	>><>>	1	1	2	
96	<<><<	2	2	2	
97	<<<<<	1	1	1	
98	<<<<<	1	1	1	
99	>><>>	1	1	2	
100	>><>>	1	1	2	
101	>>>>>	2	2	1	
102	<<<<<	1	1	1	
103	<<<<<	1	1	1	
104	<<><<	2	2	2	
105	>><>>	1	1	2	
106	>>>>>	2	2	1	
107	<<><<	2	2	2	
108	<<><<	2	2	2	
109	>><>>	1	1	2	
110	<<><<	2	2	2	
111	>><>>	1	1	2	
112	>>>>>	2	2	1	
113	<<<<<	1	1	1	
114	<<<<<	1	1	1	
115	<<><<	2	2	2	
116	<<><<	2	2	2	
117	<<><<	2	2	2	
118	<<<<<	1	1	1	
119	>><>>	1	1	2	
120	>><>>	1	1	2	
121	>>>>>	2	2	1	
122	>><>>	1	1	2	
123	<<><<	2	2	2	
124	<<><<	2	2	2	
125	<<<<<	1	1	1	
126	<<<<<	1	1	1	
127	<<><<	2	2	2	
128	<<<<<	1	1	1	
129	<<><<	2	2	2	
130	<<><<	2	2	2	
131	<<><<	2	2	2	
132	<<><<	2	2	2	
133	<<<<<	1	1	1	
134	<<<<<	1	1	1	
135	<<<<<	1	1	1	
136	>><>>	1	1	2	
137	<<><<	2	2	2	
138	<<<<<	1	1	1	
139	<<><<	2	2	2	
140	<<><<	2	2	2	
141	<<><<	2	2	2	
142	>>>>>	2	2	1	
143	>><>>	1	1	2	
144	<<<<<	1	1	1	
145	<<<<<	1	1	1	
146	>><>>	1	1	2	
147	>>>>>	2	2	1	
148	<<<<<	1	1	1	
149	>><>>	1	1	2	
150	<<><<	2	2	2	
1	<<<<<	1	1	1	
2	<<<<<	1	1	1	
3	>>>>>	2	2	1	
4	>><>>	1	1	2	
5	<<<<<	1	1	1	
6	<<><<	2	2	2	
7	<<<<<	1	1	1	
8	<<<<<	1	1	1	
9	<<><<	2	2	2	
10	<<<<<	1	1	1	
11	<<<<<	1	1	1	
12	>><>>	2	1	2	
13	<<<<<	1	1	1	
14	<<<<<	1	1	1	
15	>>>>>	2	2	1	
16	<<><<	2	2	2	
17	<<<<<	1	1	1	
18	>><>>	1	1	2	
19	>>>>>	2	2	1	
20	<<<<<	1	1	1	
21	<<><<	2	2	2	
22	<<<<<	1	1	1	
23	>><>>	2	1	2	
24	>>>>>	2	2	1	
25	>><>>	1	1	2	
26	<<><<	2	2	2	
27	>><>>	1	1	2	
28	<<><<	2	2	2	
29	>>>>>	2	2	1	
30	>><>>	1	1	2	
31	<<><<	2	2	2	
32	>><>>	1	1	2	
33	>>>>>	2	2	1	
34	>><>>	1	1	2	
35	>><>>	1	1	2	
36	>>>>>	1	2	1	
37	<<><<	1	2	2	
38	>><>>	1	1	2	
39	<<<<<	1	1	1	
40	>>>>>	2	2	1	
41	<<><<	2	2	2	
42	<<<<<	1	1	1	
43	>>>>>	2	2	1	
44	<<<<<	1	1	1	
45	>>>>>	2	2	1	
46	>><>>	1	1	2	
47	>><>>	1	1	2	
48	>><>>	1	1	2	
49	<<<<<	1	1	1	
50	<<<<<	1	1	1	
51	<<><<	2	2	2	
52	<<<<<	1	1	1	
53	>>>>>	2	2	1	
54	<<><<	2	2	2	
55	<<><<	2	2	2	
56	>>>>>	2	2	1	
57	>><>>	1	1	2	
58	<<<<<	1	1	1	
59	>><>>	1	1	2	
60	>><>>	1	1	2	
61	>>>>>	2	2	1	
62	<<<<<	1	1	1	
63	<<<<<	1	1	1	
64	<<<<<	1	1	1	
65	>><>>	1	1	2	
66	<<><<	2	2	2	
67	>>>>>	2	2	1	
68	>><>>	1	1	2	
69	<<<<<	1	1	1	
70	<<><<	2	2	2	
71	<<<<<	1	1	1	
72	<<<<<	1	1	1	
73	>>>>>	2	2	1	
74	<<><<	2	2	2	
75	>>>>>	2	2	1	
76	>><>>	2	1	2	
77	>>>>>	2	2	1	
78	<<><<	2	2	2	
79	<<<<<	1	1	1	
80	<<><<	2	2	2	
81	>><>>	1	1	2	
82	>><>>	1	1	2	
83	>><>>	1	1	2	
84	<<><<	2	2	2	
85	>><>>	1	1	2	
86	<<><<	2	2	2	
87	<<><<	2	2	2	
88	>><>>	1	1	2	
89	>>>>>	2	2	1	
90	<<<<<	1	1	1	
91	>>>>>	2	2	1	
92	<<><<	2	2	2	
93	>>>>>	2	2	1	
94	<<><<	2	2	2	
95	>>>>>	2	2	1	
96	<<><<	2	2	2	
97	<<<<<	1	1	1	
98	<<><<	2	2	2	
99	>><>>	1	1	2	
100	>>>>>	2	2	1	
101	<<><<	2	2	2	
102	<<<<<	1	1	1	
103	<<<<<	1	1	1	
104	>>>>>	2	2	1	
105	>>>>>	2	2	1	
106	>>>>>	2	2	1	
107	>>>>>	2	2	1	
108	<<<<<	1	1	1	
109	>>>>>	2	2	1	
110	>><>>	1	1	2	
111	>>>>>	2	2	1	
112	>>>>>	2	2	1	
113	>><>>	1	1	2	
114	<<<<<	1	1	1	
115	<<<<<	1	1	1	
116	>>>>>	2	2	1	
117	<<><<	2	2	2	
118	<<><<	2	2	2	
119	<<><<	2	2	2	
120	<<<<<	1	1	1	
121	>><>>	2	1	2	
122	>>>>>	2	2	1	
123	<<><<	2	2	2	
124	<<><<	2	2	2	
125	<<><<	2	2	2	
126	>><>>	1	1	2	
127	>>>>>	2	2	1	
128	>><>>	1	1	2	
129	>>>>>	2	2	1	
130	<<><<	2	2	2	
131	<<><<	2	2	2	
132	<<><<	2	2	2	
133	>>>>>	2	2	1	
134	>><>>	1	1	2	
135	>><>>	1	1	2	
136	>><>>	1	1	2	
137	>><>>	1	1	2	
138	>>>>>	2	2	1	
139	<<<<<	1	1	1	
140	<<<<<	1	1	1	
141	<<><<	2	2	2	
142	<<><<	2	2	2	
143	<<><<	2	2	2	
144	<<><<	2	2	2	
145	>><>>	1	1	2	
146	<<><<	2	2	2	
147	<<<<<	1	1	1	
148	<<<<<	1	1	1	
149	<<<<<	1	1	1	
150	>>>>>	2	2	1	
