Respuestas
 EFT rapido:
 NA
 Columnas: 
- numero 
- estimulo 
- respuesta: 1izq 2der  
- direc: 1izq 2der  
- congruencia 1:cong 2:incong 

1	>>>>>	2	2	1	
2	>>>>>	2	2	1	
3	<<<<<	1	1	1	
4	<<<<<	1	1	1	
5	>>>>>	2	2	1	
6	<<<<<	1	1	1	
7	>><>>	1	1	2	
8	>><>>	1	1	2	
9	>>>>>	2	2	1	
10	<<<<<	1	1	1	
11	<<><<	2	2	2	
12	>><>>	1	1	2	
13	>><>>	1	1	2	
14	<<<<<	1	1	1	
15	>><>>	1	1	2	
16	<<<<<	1	1	1	
17	>>>>>	2	2	1	
18	<<<<<	1	1	1	
19	<<<<<	1	1	1	
20	>>>>>	2	2	1	
21	>><>>	1	1	2	
22	<<<<<	1	1	1	
23	<<><<	2	2	2	
24	<<<<<	1	1	1	
25	<<><<	2	2	2	
26	>>>>>	2	2	1	
27	<<<<<	1	1	1	
28	<<<<<	1	1	1	
29	>><>>	1	1	2	
30	<<><<	2	2	2	
31	<<<<<	1	1	1	
32	<<><<	2	2	2	
33	>><>>	1	1	2	
34	>><>>	1	1	2	
35	<<><<	2	2	2	
36	<<><<	2	2	2	
37	<<><<	2	2	2	
38	<<<<<	1	1	1	
39	>><>>	1	1	2	
40	<<><<	2	2	2	
41	<<><<	2	2	2	
42	<<><<	2	2	2	
43	>><>>	2	1	2	
44	>><>>	1	1	2	
45	<<<<<	1	1	1	
46	>><>>	1	1	2	
47	>>>>>	2	2	1	
48	>>>>>	2	2	1	
49	>><>>	2	1	2	
50	<<><<	2	2	2	
51	>>>>>	2	2	1	
52	>>>>>	2	2	1	
53	>><>>	1	1	2	
54	>>>>>	2	2	1	
55	<<><<	2	2	2	
56	>>>>>	2	2	1	
57	>>>>>	2	2	1	
58	<<<<<	1	1	1	
59	<<<<<	1	1	1	
60	<<><<	2	2	2	
61	>>>>>	2	2	1	
62	<<><<	2	2	2	
63	>><>>	1	1	2	
64	>>>>>	2	2	1	
65	>>>>>	2	2	1	
66	<<><<	2	2	2	
67	>><>>	1	1	2	
68	>>>>>	2	2	1	
69	<<><<	2	2	2	
70	<<<<<	1	1	1	
71	>><>>	1	1	2	
72	>>>>>	2	2	1	
73	<<<<<	1	1	1	
74	>><>>	1	1	2	
75	>>>>>	2	2	1	
76	<<><<	2	2	2	
77	>>>>>	2	2	1	
78	<<<<<	1	1	1	
79	<<><<	2	2	2	
80	>>>>>	2	2	1	
81	>>>>>	2	2	1	
82	<<<<<	1	1	1	
83	>>>>>	2	2	1	
84	<<><<	2	2	2	
85	<<<<<	1	1	1	
86	>><>>	1	1	2	
87	>><>>	1	1	2	
88	<<<<<	1	1	1	
89	<<><<	2	2	2	
90	<<><<	2	2	2	
91	>>>>>	2	2	1	
92	>><>>	1	1	2	
93	>><>>	1	1	2	
94	>>>>>	2	2	1	
95	>><>>	2	1	2	
96	>>>>>	2	2	1	
97	<<><<	2	2	2	
98	<<<<<	1	1	1	
99	<<<<<	1	1	1	
100	<<<<<	1	1	1	
101	>><>>	1	1	2	
102	>>>>>	2	2	1	
103	<<><<	2	2	2	
104	<<<<<	1	1	1	
105	<<><<	2	2	2	
106	>><>>	1	1	2	
107	<<<<<	1	1	1	
108	>>>>>	2	2	1	
109	<<<<<	1	1	1	
110	<<><<	2	2	2	
111	<<<<<	1	1	1	
112	<<><<	2	2	2	
113	<<<<<	1	1	1	
114	<<<<<	1	1	1	
115	<<><<	2	2	2	
116	<<><<	2	2	2	
117	>>>>>	2	2	1	
118	<<><<	2	2	2	
119	>><>>	1	1	2	
120	<<<<<	2	1	1	
121	<<><<	2	2	2	
122	<<><<	2	2	2	
123	>><>>	1	1	2	
124	<<><<	2	2	2	
125	>><>>	1	1	2	
126	>><>>	1	1	2	
127	<<><<	2	2	2	
128	<<><<	2	2	2	
129	>>>>>	2	2	1	
130	>><>>	1	1	2	
131	<<<<<	1	1	1	
132	<<><<	2	2	2	
133	>><>>	2	1	2	
134	>><>>	2	1	2	
135	>>>>>	2	2	1	
136	<<><<	2	2	2	
137	<<><<	2	2	2	
138	<<><<	2	2	2	
139	<<><<	2	2	2	
140	<<><<	2	2	2	
141	<<><<	2	2	2	
142	<<<<<	1	1	1	
143	<<<<<	1	1	1	
144	<<><<	2	2	2	
145	<<<<<	1	1	1	
146	<<><<	2	2	2	
147	<<><<	2	2	2	
148	<<<<<	1	1	1	
149	<<><<	2	2	2	
150	>><>>	1	1	2	
1	<<><<	1	2	2	
2	<<><<	2	2	2	
3	<<<<<	1	1	1	
4	>>>>>	2	2	1	
5	<<><<	2	2	2	
6	>><>>	1	1	2	
7	<<<<<	1	1	1	
8	<<<<<	1	1	1	
9	>>>>>	2	2	1	
10	<<<<<	2	1	1	
11	>>>>>	2	2	1	
12	<<<<<	1	1	1	
13	<<<<<	1	1	1	
14	>>>>>	2	2	1	
15	<<><<	2	2	2	
16	<<<<<	1	1	1	
17	>><>>	1	1	2	
18	>>>>>	2	2	1	
19	>><>>	1	1	2	
20	<<><<	2	2	2	
21	<<<<<	1	1	1	
22	>>>>>	2	2	1	
23	>>>>>	2	2	1	
24	>><>>	1	1	2	
25	<<><<	2	2	2	
26	<<<<<	1	1	1	
27	<<<<<	1	1	1	
28	>>>>>	2	2	1	
29	<<<<<	1	1	1	
30	<<<<<	1	1	1	
31	>>>>>	2	2	1	
32	<<<<<	1	1	1	
33	>>>>>	2	2	1	
34	>>>>>	2	2	1	
35	>><>>	1	1	2	
36	>><>>	1	1	2	
37	>><>>	1	1	2	
38	<<<<<	2	1	1	
39	>><>>	2	1	2	
40	>><>>	2	1	2	
41	<<><<	2	2	2	
42	<<<<<	1	1	1	
43	>><>>	1	1	2	
44	>><>>	1	1	2	
45	>>>>>	2	2	1	
46	<<<<<	1	1	1	
47	>>>>>	2	2	1	
48	>>>>>	2	2	1	
49	>><>>	1	1	2	
50	>>>>>	2	2	1	
51	<<<<<	1	1	1	
52	<<<<<	1	1	1	
53	>>>>>	2	2	1	
54	>>>>>	2	2	1	
55	>><>>	1	1	2	
56	>><>>	1	1	2	
57	>>>>>	2	2	1	
58	>><>>	1	1	2	
59	>>>>>	2	2	1	
60	<<<<<	1	1	1	
61	<<<<<	1	1	1	
62	>>>>>	2	2	1	
63	>><>>	1	1	2	
64	>><>>	1	1	2	
65	>>>>>	2	2	1	
66	<<><<	2	2	2	
67	<<<<<	1	1	1	
68	<<<<<	1	1	1	
69	<<<<<	1	1	1	
70	<<><<	2	2	2	
71	>>>>>	2	2	1	
72	<<><<	2	2	2	
73	>>>>>	2	2	1	
74	>><>>	1	1	2	
75	>>>>>	2	2	1	
76	>><>>	1	1	2	
77	<<<<<	1	1	1	
78	>>>>>	2	2	1	
79	>>>>>	2	2	1	
80	<<><<	2	2	2	
81	<<<<<	1	1	1	
82	>><>>	1	1	2	
83	<<<<<	1	1	1	
84	>>>>>	2	2	1	
85	<<><<	2	2	2	
86	<<<<<	1	1	1	
87	<<<<<	1	1	1	
88	>>>>>	2	2	1	
89	>><>>	2	1	2	
90	<<><<	2	2	2	
91	>>>>>	2	2	1	
92	<<><<	2	2	2	
93	<<><<	2	2	2	
94	>>>>>	2	2	1	
95	<<><<	2	2	2	
96	>><>>	1	1	2	
97	<<<<<	1	1	1	
98	>>>>>	2	2	1	
99	<<<<<	1	1	1	
100	<<><<	2	2	2	
101	<<><<	2	2	2	
102	<<><<	2	2	2	
103	>><>>	1	1	2	
104	>><>>	1	1	2	
105	<<<<<	1	1	1	
106	<<><<	2	2	2	
107	>>>>>	2	2	1	
108	<<><<	2	2	2	
109	<<<<<	1	1	1	
110	<<<<<	1	1	1	
111	<<<<<	1	1	1	
112	>>>>>	2	2	1	
113	>><>>	1	1	2	
114	>>>>>	2	2	1	
115	>><>>	1	1	2	
116	>><>>	1	1	2	
117	>>>>>	2	2	1	
118	<<><<	2	2	2	
119	>>>>>	2	2	1	
120	>><>>	1	1	2	
121	<<><<	2	2	2	
122	>><>>	1	1	2	
123	>><>>	1	1	2	
124	>>>>>	2	2	1	
125	<<><<	2	2	2	
126	<<<<<	1	1	1	
127	>>>>>	2	2	1	
128	>><>>	1	1	2	
129	<<><<	2	2	2	
130	<<><<	2	2	2	
131	>><>>	1	1	2	
132	>><>>	1	1	2	
133	<<<<<	1	1	1	
134	>><>>	1	1	2	
135	>><>>	1	1	2	
136	>>>>>	2	2	1	
137	<<<<<	1	1	1	
138	>>>>>	2	2	1	
139	<<><<	2	2	2	
140	>><>>	1	1	2	
141	>><>>	1	1	2	
142	>>>>>	2	2	1	
143	>><>>	1	1	2	
144	<<><<	2	2	2	
145	>><>>	1	1	2	
146	<<><<	2	2	2	
147	>><>>	1	1	2	
148	<<<<<	1	1	1	
149	<<><<	1	2	2	
150	<<><<	2	2	2	
