Respuestas
 EFT rapido:
 JC
 Columnas: 
- numero 
- estimulo 
- respuesta: 1izq 2der  
- direc: 1izq 2der  
- congruencia 1:cong 2:incong 

1	<<<<<	1	1	1	
2	>><>>	1	1	2	
3	>><>>	1	1	2	
4	<<><<	2	2	2	
5	<<<<<	1	1	1	
6	<<<<<	1	1	1	
7	>>>>>	2	2	1	
8	<<<<<	1	1	1	
9	>>>>>	2	2	1	
10	>>>>>	1	2	1	
11	>><>>	1	1	2	
12	<<<<<	1	1	1	
13	>><>>	1	1	2	
14	>><>>	1	1	2	
15	>>>>>	2	2	1	
16	<<<<<	1	1	1	
17	<<<<<	1	1	1	
18	>>>>>	2	2	1	
19	>><>>	2	1	2	
20	>><>>	1	1	2	
21	<<><<	2	2	2	
22	>>>>>	2	2	1	
23	>>>>>	2	2	1	
24	>>>>>	2	2	1	
25	<<><<	2	2	2	
26	<<><<	2	2	2	
27	>><>>	1	1	2	
28	>>>>>	2	2	1	
29	>><>>	1	1	2	
30	>>>>>	2	2	1	
31	>>>>>	2	2	1	
32	>>>>>	2	2	1	
33	>><>>	1	1	2	
34	<<<<<	1	1	1	
35	<<<<<	1	1	1	
36	>>>>>	2	2	1	
37	>>>>>	2	2	1	
38	<<<<<	1	1	1	
39	<<<<<	1	1	1	
40	<<><<	2	2	2	
41	<<><<	2	2	2	
42	>>>>>	2	2	1	
43	>><>>	1	1	2	
44	<<<<<	1	1	1	
45	>><>>	1	1	2	
46	>><>>	1	1	2	
47	>><>>	1	1	2	
48	>>>>>	2	2	1	
49	>>>>>	2	2	1	
50	<<><<	2	2	2	
51	>><>>	1	1	2	
52	>><>>	1	1	2	
53	>>>>>	2	2	1	
54	>><>>	1	1	2	
55	>>>>>	2	2	1	
56	<<<<<	1	1	1	
57	<<<<<	1	1	1	
58	>><>>	1	1	2	
59	<<<<<	1	1	1	
60	>><>>	2	1	2	
61	<<><<	1	2	2	
62	>><>>	2	1	2	
63	<<<<<	1	1	1	
64	>>>>>	2	2	1	
65	>><>>	1	1	2	
66	>>>>>	2	2	1	
67	<<><<	2	2	2	
68	>>>>>	2	2	1	
69	<<<<<	1	1	1	
70	>><>>	1	1	2	
71	>>>>>	2	2	1	
72	<<<<<	1	1	1	
73	>><>>	2	1	2	
74	<<><<	2	2	2	
75	>>>>>	2	2	1	
76	<<><<	2	2	2	
77	>><>>	1	1	2	
78	>>>>>	2	2	1	
79	>>>>>	2	2	1	
80	>><>>	1	1	2	
81	>>>>>	2	2	1	
82	>><>>	1	1	2	
83	<<><<	2	2	2	
84	>>>>>	2	2	1	
85	<<><<	2	2	2	
86	>><>>	1	1	2	
87	<<<<<	1	1	1	
88	<<><<	2	2	2	
89	<<<<<	1	1	1	
90	<<<<<	1	1	1	
91	>>>>>	2	2	1	
92	>>>>>	2	2	1	
93	>><>>	1	1	2	
94	>>>>>	2	2	1	
95	>>>>>	2	2	1	
96	<<<<<	1	1	1	
97	>>>>>	2	2	1	
98	<<<<<	1	1	1	
99	>><>>	2	1	2	
100	>>>>>	2	2	1	
101	<<<<<	1	1	1	
102	>><>>	1	1	2	
103	>><>>	1	1	2	
104	<<<<<	2	1	1	
105	>><>>	2	1	2	
106	>><>>	1	1	2	
107	>><>>	1	1	2	
108	<<<<<	2	1	1	
109	>>>>>	2	2	1	
110	<<<<<	1	1	1	
111	>><>>	1	1	2	
112	>><>>	1	1	2	
113	>><>>	1	1	2	
114	<<<<<	1	1	1	
115	>>>>>	2	2	1	
116	<<<<<	1	1	1	
117	>><>>	1	1	2	
118	<<><<	2	2	2	
119	<<><<	2	2	2	
120	>>>>>	2	2	1	
121	<<<<<	1	1	1	
122	<<<<<	1	1	1	
123	>><>>	1	1	2	
124	<<<<<	1	1	1	
125	<<<<<	1	1	1	
126	>>>>>	2	2	1	
127	>>>>>	2	2	1	
128	>><>>	1	1	2	
129	>><>>	1	1	2	
130	>>>>>	2	2	1	
131	<<><<	1	2	2	
132	<<<<<	1	1	1	
133	<<<<<	1	1	1	
134	<<><<	2	2	2	
135	>><>>	1	1	2	
136	>>>>>	2	2	1	
137	<<<<<	1	1	1	
138	<<<<<	1	1	1	
139	<<<<<	1	1	1	
140	>><>>	1	1	2	
141	>>>>>	2	2	1	
142	>><>>	1	1	2	
143	>><>>	1	1	2	
144	<<<<<	1	1	1	
145	<<<<<	1	1	1	
146	>>>>>	2	2	1	
147	>>>>>	1	2	1	
148	<<<<<	1	1	1	
149	<<<<<	1	1	1	
150	>>>>>	2	2	1	
1	>>>>>	2	2	1	
2	>><>>	1	1	2	
3	<<><<	2	2	2	
4	>><>>	1	1	2	
5	<<<<<	1	1	1	
6	<<><<	2	2	2	
7	>>>>>	2	2	1	
8	<<<<<	1	1	1	
9	>><>>	1	1	2	
10	<<<<<	1	1	1	
11	>><>>	1	1	2	
12	<<<<<	1	1	1	
13	>>>>>	2	2	1	
14	>><>>	1	1	2	
15	>>>>>	2	2	1	
16	>><>>	1	1	2	
17	>><>>	1	1	2	
18	>>>>>	2	2	1	
19	<<<<<	1	1	1	
20	<<><<	2	2	2	
21	<<<<<	1	1	1	
22	>><>>	1	1	2	
23	<<><<	2	2	2	
24	<<<<<	1	1	1	
25	<<><<	2	2	2	
26	<<><<	2	2	2	
27	>>>>>	1	2	1	
28	<<<<<	1	1	1	
29	>>>>>	2	2	1	
30	>><>>	1	1	2	
31	<<<<<	2	1	1	
32	<<<<<	1	1	1	
33	<<<<<	1	1	1	
34	>>>>>	2	2	1	
35	>>>>>	2	2	1	
36	>><>>	1	1	2	
37	>>>>>	2	2	1	
38	<<><<	2	2	2	
39	<<<<<	1	1	1	
40	>><>>	2	1	2	
41	<<><<	2	2	2	
42	>>>>>	1	2	1	
43	<<><<	2	2	2	
44	<<<<<	1	1	1	
45	<<<<<	1	1	1	
46	<<<<<	1	1	1	
47	>>>>>	2	2	1	
48	<<><<	2	2	2	
49	<<><<	2	2	2	
50	>>>>>	2	2	1	
51	<<><<	1	2	2	
52	>>>>>	2	2	1	
53	<<><<	2	2	2	
54	>><>>	1	1	2	
55	>><>>	1	1	2	
56	<<<<<	1	1	1	
57	>>>>>	2	2	1	
58	>><>>	1	1	2	
59	>><>>	2	1	2	
60	>>>>>	2	2	1	
61	<<<<<	1	1	1	
62	>>>>>	2	2	1	
63	>>>>>	1	2	1	
64	<<><<	2	2	2	
65	<<<<<	1	1	1	
66	<<<<<	1	1	1	
67	>>>>>	2	2	1	
68	<<<<<	1	1	1	
69	<<><<	2	2	2	
70	>><>>	1	1	2	
71	>>>>>	2	2	1	
72	<<><<	1	2	2	
73	<<><<	2	2	2	
74	>>>>>	2	2	1	
75	>><>>	1	1	2	
76	<<<<<	1	1	1	
77	<<><<	2	2	2	
78	>><>>	1	1	2	
79	>>>>>	2	2	1	
80	<<<<<	1	1	1	
81	>>>>>	2	2	1	
82	>><>>	1	1	2	
83	>>>>>	2	2	1	
84	<<><<	2	2	2	
85	>>>>>	2	2	1	
86	>><>>	1	1	2	
87	<<><<	2	2	2	
88	>><>>	2	1	2	
89	>><>>	2	1	2	
90	>>>>>	2	2	1	
91	>><>>	1	1	2	
92	<<><<	2	2	2	
93	>>>>>	2	2	1	
94	>><>>	1	1	2	
95	<<><<	2	2	2	
96	<<<<<	1	1	1	
97	<<<<<	2	1	1	
98	<<><<	2	2	2	
99	<<><<	2	2	2	
100	<<<<<	1	1	1	
101	>>>>>	2	2	1	
102	<<<<<	1	1	1	
103	<<><<	2	2	2	
104	<<<<<	1	1	1	
105	<<><<	2	2	2	
106	>><>>	1	1	2	
107	<<<<<	1	1	1	
108	<<><<	2	2	2	
109	<<><<	2	2	2	
110	>>>>>	1	2	1	
111	<<<<<	1	1	1	
112	<<><<	2	2	2	
113	<<<<<	1	1	1	
114	<<><<	2	2	2	
115	>><>>	1	1	2	
116	>>>>>	2	2	1	
117	>>>>>	2	2	1	
118	<<<<<	1	1	1	
119	>>>>>	2	2	1	
120	>><>>	1	1	2	
121	<<><<	2	2	2	
122	<<<<<	1	1	1	
123	>><>>	1	1	2	
124	<<><<	2	2	2	
125	<<><<	2	2	2	
126	<<><<	2	2	2	
127	<<<<<	1	1	1	
128	>>>>>	2	2	1	
129	<<><<	2	2	2	
130	>>>>>	1	2	1	
131	>>>>>	2	2	1	
132	<<<<<	1	1	1	
133	<<><<	2	2	2	
134	>><>>	1	1	2	
135	>>>>>	2	2	1	
136	<<><<	1	2	2	
137	<<><<	2	2	2	
138	<<><<	2	2	2	
139	>>>>>	2	2	1	
140	>>>>>	2	2	1	
141	>><>>	1	1	2	
142	>><>>	1	1	2	
143	>><>>	1	1	2	
144	<<<<<	1	1	1	
145	<<><<	1	2	2	
146	<<><<	2	2	2	
147	>><>>	1	1	2	
148	>><>>	1	1	2	
149	<<<<<	1	1	1	
150	>>>>>	2	2	1	
