Respuestas
 EFT lento :
 JC
 Columnas: 
- numero 
- estimulo 
- respuesta: 1izq 2der  
- direc: 1izq 2der  
- congruencia 1:cong 2:incong 

1	>>>>>	2	2	1	
2	>><>>	1	1	2	
3	<<<<<	1	1	1	
4	>>>>>	2	2	1	
5	>><>>	2	1	2	
6	>>>>>	2	2	1	
7	<<<<<	1	1	1	
8	>><>>	1	1	2	
9	>><>>	2	1	2	
10	>>>>>	1	2	1	
11	>><>>	2	1	2	
12	<<<<<	1	1	1	
13	>><>>	1	1	2	
14	<<<<<	1	1	1	
15	<<><<	2	2	2	
16	<<<<<	1	1	1	
17	>>>>>	2	2	1	
18	<<<<<	1	1	1	
19	>>>>>	2	2	1	
20	>>>>>	2	2	1	
21	>>>>>	2	2	1	
22	>><>>	2	1	2	
23	>>>>>	2	2	1	
24	<<<<<	1	1	1	
25	<<><<	2	2	2	
26	<<<<<	1	1	1	
27	>>>>>	2	2	1	
28	<<><<	2	2	2	
29	>><>>	2	1	2	
30	>><>>	1	1	2	
31	<<<<<	1	1	1	
32	<<<<<	1	1	1	
33	>>>>>	2	2	1	
34	>><>>	1	1	2	
35	<<<<<	2	1	1	
36	<<<<<	1	1	1	
37	<<<<<	1	1	1	
38	<<><<	2	2	2	
39	>><>>	2	1	2	
40	<<><<	2	2	2	
41	>><>>	1	1	2	
42	<<<<<	1	1	1	
43	>><>>	1	1	2	
44	<<><<	2	2	2	
45	<<><<	2	2	2	
46	>><>>	1	1	2	
47	>>>>>	2	2	1	
48	>>>>>	2	2	1	
49	>><>>	1	1	2	
50	<<><<	2	2	2	
51	>><>>	1	1	2	
52	>><>>	1	1	2	
53	>>>>>	2	2	1	
54	<<<<<	1	1	1	
55	>><>>	1	1	2	
56	<<><<	2	2	2	
57	>><>>	1	1	2	
58	<<><<	2	2	2	
59	>><>>	1	1	2	
60	<<<<<	1	1	1	
61	<<<<<	1	1	1	
62	<<<<<	1	1	1	
63	>>>>>	2	2	1	
64	<<><<	2	2	2	
65	>><>>	1	1	2	
66	<<><<	2	2	2	
67	<<<<<	1	1	1	
68	>><>>	2	1	2	
69	>>>>>	2	2	1	
70	>><>>	1	1	2	
71	>>>>>	2	2	1	
72	<<><<	1	2	2	
73	<<><<	2	2	2	
74	<<<<<	1	1	1	
75	>><>>	1	1	2	
76	<<<<<	1	1	1	
77	>>>>>	2	2	1	
78	>><>>	2	1	2	
79	>>>>>	2	2	1	
80	<<><<	2	2	2	
81	>>>>>	2	2	1	
82	>><>>	1	1	2	
83	<<<<<	1	1	1	
84	<<<<<	1	1	1	
85	<<<<<	1	1	1	
86	>>>>>	2	2	1	
87	>>>>>	2	2	1	
88	>><>>	1	1	2	
89	>>>>>	2	2	1	
90	>><>>	1	1	2	
91	>>>>>	2	2	1	
92	>>>>>	2	2	1	
93	<<<<<	1	1	1	
94	<<<<<	2	1	1	
95	<<<<<	1	1	1	
96	>><>>	1	1	2	
97	>><>>	2	1	2	
98	>>>>>	2	2	1	
99	<<><<	2	2	2	
100	>>>>>	2	2	1	
101	>>>>>	2	2	1	
102	<<><<	2	2	2	
103	<<<<<	1	1	1	
104	<<><<	2	2	2	
105	>>>>>	2	2	1	
106	<<><<	2	2	2	
107	<<<<<	1	1	1	
108	<<><<	2	2	2	
109	>>>>>	2	2	1	
110	>>>>>	2	2	1	
111	<<><<	2	2	2	
112	>>>>>	2	2	1	
113	>>>>>	2	2	1	
114	>>>>>	2	2	1	
115	<<<<<	1	1	1	
116	>>>>>	2	2	1	
117	<<<<<	1	1	1	
118	>>>>>	2	2	1	
119	<<<<<	1	1	1	
120	<<><<	2	2	2	
121	<<><<	1	2	2	
122	<<<<<	1	1	1	
123	>>>>>	2	2	1	
124	<<<<<	1	1	1	
125	>>>>>	2	2	1	
126	<<><<	2	2	2	
127	>><>>	2	1	2	
128	<<<<<	1	1	1	
129	>><>>	1	1	2	
130	>><>>	2	1	2	
131	<<><<	2	2	2	
132	>>>>>	2	2	1	
133	<<<<<	1	1	1	
134	<<<<<	1	1	1	
135	>><>>	2	1	2	
136	>><>>	2	1	2	
137	>>>>>	2	2	1	
138	<<><<	2	2	2	
139	>><>>	1	1	2	
140	<<<<<	1	1	1	
141	<<<<<	1	1	1	
142	<<><<	2	2	2	
143	<<<<<	1	1	1	
144	>><>>	1	1	2	
145	<<<<<	1	1	1	
146	<<<<<	1	1	1	
147	<<<<<	1	1	1	
148	>><>>	1	1	2	
149	>>>>>	2	2	1	
150	>>>>>	2	2	1	
1	>>>>>	2	2	1	
2	<<><<	2	2	2	
3	<<<<<	1	1	1	
4	<<><<	2	2	2	
5	<<<<<	1	1	1	
6	<<><<	2	2	2	
7	<<<<<	1	1	1	
8	>>>>>	2	2	1	
9	>><>>	1	1	2	
10	<<<<<	1	1	1	
11	>>>>>	2	2	1	
12	<<<<<	1	1	1	
13	>><>>	1	1	2	
14	<<><<	2	2	2	
15	<<><<	2	2	2	
16	<<<<<	1	1	1	
17	<<<<<	1	1	1	
18	>><>>	1	1	2	
19	<<><<	2	2	2	
20	>>>>>	2	2	1	
21	>><>>	1	1	2	
22	<<<<<	1	1	1	
23	>><>>	1	1	2	
24	>><>>	2	1	2	
25	<<><<	2	2	2	
26	<<<<<	1	1	1	
27	<<<<<	1	1	1	
28	<<<<<	1	1	1	
29	>><>>	1	1	2	
30	>>>>>	2	2	1	
31	<<><<	2	2	2	
32	>><>>	1	1	2	
33	>>>>>	2	2	1	
34	<<<<<	1	1	1	
35	>>>>>	2	2	1	
36	>>>>>	2	2	1	
37	>><>>	1	1	2	
38	>><>>	1	1	2	
39	<<<<<	1	1	1	
40	<<><<	2	2	2	
41	>><>>	1	1	2	
42	>><>>	1	1	2	
43	>>>>>	2	2	1	
44	>><>>	1	1	2	
45	<<><<	2	2	2	
46	<<><<	2	2	2	
47	>><>>	1	1	2	
48	<<<<<	2	1	1	
49	<<><<	2	2	2	
50	>><>>	1	1	2	
51	<<><<	2	2	2	
52	<<><<	2	2	2	
53	<<><<	2	2	2	
54	<<<<<	1	1	1	
55	>>>>>	2	2	1	
56	<<<<<	1	1	1	
57	>>>>>	2	2	1	
58	>>>>>	2	2	1	
59	<<<<<	1	1	1	
60	>>>>>	2	2	1	
61	>>>>>	2	2	1	
62	>>>>>	2	2	1	
63	<<><<	1	2	2	
64	>><>>	1	1	2	
65	>>>>>	2	2	1	
66	<<<<<	1	1	1	
67	<<><<	2	2	2	
68	<<><<	2	2	2	
69	<<><<	2	2	2	
70	<<<<<	1	1	1	
71	>><>>	1	1	2	
72	<<><<	2	2	2	
73	>>>>>	2	2	1	
74	<<<<<	1	1	1	
75	>><>>	1	1	2	
76	<<<<<	1	1	1	
77	>><>>	1	1	2	
78	<<><<	2	2	2	
79	<<><<	2	2	2	
80	>>>>>	2	2	1	
81	>><>>	1	1	2	
82	>><>>	1	1	2	
83	<<><<	2	2	2	
84	>><>>	1	1	2	
85	>><>>	1	1	2	
86	>>>>>	2	2	1	
87	>>>>>	2	2	1	
88	<<<<<	1	1	1	
89	<<<<<	1	1	1	
90	>><>>	1	1	2	
91	<<<<<	1	1	1	
92	>>>>>	2	2	1	
93	>><>>	1	1	2	
94	>><>>	1	1	2	
95	>>>>>	2	2	1	
96	>>>>>	2	2	1	
97	>>>>>	2	2	1	
98	<<><<	2	2	2	
99	<<<<<	1	1	1	
100	<<><<	2	2	2	
101	<<><<	2	2	2	
102	<<<<<	1	1	1	
103	<<><<	2	2	2	
104	>><>>	2	1	2	
105	>><>>	1	1	2	
106	<<<<<	1	1	1	
107	<<<<<	2	1	1	
108	>><>>	1	1	2	
109	>><>>	1	1	2	
110	>>>>>	2	2	1	
111	>><>>	1	1	2	
112	>>>>>	2	2	1	
113	>><>>	1	1	2	
114	<<<<<	1	1	1	
115	<<><<	2	2	2	
116	>>>>>	2	2	1	
117	<<<<<	1	1	1	
118	>>>>>	2	2	1	
119	>><>>	1	1	2	
120	>><>>	1	1	2	
121	<<<<<	1	1	1	
122	<<><<	2	2	2	
123	>>>>>	2	2	1	
124	>><>>	1	1	2	
125	>>>>>	2	2	1	
126	>>>>>	2	2	1	
127	<<><<	2	2	2	
128	<<><<	2	2	2	
129	>><>>	1	1	2	
130	<<><<	2	2	2	
131	>>>>>	2	2	1	
132	>><>>	1	1	2	
133	<<<<<	1	1	1	
134	>>>>>	2	2	1	
135	<<><<	2	2	2	
136	>><>>	1	1	2	
137	<<<<<	1	1	1	
138	<<><<	2	2	2	
139	>><>>	1	1	2	
140	<<><<	2	2	2	
141	>>>>>	2	2	1	
142	<<<<<	1	1	1	
143	>>>>>	2	2	1	
144	<<><<	2	2	2	
145	>><>>	2	1	2	
146	>>>>>	2	2	1	
147	<<<<<	1	1	1	
148	>>>>>	2	2	1	
149	>><>>	2	1	2	
150	>>>>>	2	2	1	
