Respuestas
 EFT rapido:
 lm
 Columnas: 
- numero 
- estimulo 
- respuesta: 1izq 2der  
- direc: 1izq 2der  
- congruencia 1:cong 2:incong 

1	>><>>	0	1	2	
2	<<<<<	1	1	1	
3	<<<<<	1	1	1	
4	>>>>>	2	2	1	
5	<<<<<	2	1	1	
6	<<><<	2	2	2	
7	>><>>	1	1	2	
8	>><>>	2	1	2	
9	>>>>>	2	2	1	
10	>><>>	1	1	2	
11	<<><<	2	2	2	
12	>>>>>	2	2	1	
13	>>>>>	2	2	1	
14	>><>>	1	1	2	
15	<<<<<	1	1	1	
16	>>>>>	2	2	1	
17	<<<<<	1	1	1	
18	<<<<<	1	1	1	
19	>><>>	1	1	2	
20	>>>>>	2	2	1	
21	>><>>	1	1	2	
22	<<><<	2	2	2	
23	<<<<<	1	1	1	
24	<<><<	2	2	2	
25	>>>>>	2	2	1	
26	<<><<	2	2	2	
27	>>>>>	2	2	1	
28	>>>>>	2	2	1	
29	>>>>>	2	2	1	
30	>>>>>	2	2	1	
31	<<<<<	1	1	1	
32	<<<<<	1	1	1	
33	>>>>>	2	2	1	
34	<<<<<	2	1	1	
35	>><>>	1	1	2	
36	>><>>	1	1	2	
37	>>>>>	2	2	1	
38	<<><<	2	2	2	
39	<<><<	2	2	2	
40	>>>>>	2	2	1	
41	>>>>>	2	2	1	
42	<<<<<	1	1	1	
43	<<><<	1	2	2	
44	>>>>>	2	2	1	
45	<<<<<	2	1	1	
46	<<><<	2	2	2	
47	<<><<	2	2	2	
48	<<<<<	1	1	1	
49	<<<<<	1	1	1	
50	<<><<	2	2	2	
51	>><>>	1	1	2	
52	>>>>>	2	2	1	
53	>>>>>	2	2	1	
54	>><>>	1	1	2	
55	>><>>	1	1	2	
56	>><>>	1	1	2	
57	<<<<<	1	1	1	
58	<<<<<	1	1	1	
59	<<<<<	1	1	1	
60	<<><<	2	2	2	
61	>>>>>	2	2	1	
62	>><>>	1	1	2	
63	<<<<<	1	1	1	
64	>><>>	1	1	2	
65	<<><<	1	2	2	
66	<<><<	2	2	2	
67	>><>>	1	1	2	
68	>>>>>	2	2	1	
69	>><>>	1	1	2	
70	<<><<	2	2	2	
71	<<<<<	1	1	1	
72	<<<<<	2	1	1	
73	<<><<	2	2	2	
74	>><>>	1	1	2	
75	>><>>	2	1	2	
76	>>>>>	2	2	1	
77	>><>>	1	1	2	
78	>><>>	1	1	2	
79	<<<<<	2	1	1	
80	<<><<	2	2	2	
81	<<><<	2	2	2	
82	<<<<<	1	1	1	
83	<<<<<	1	1	1	
84	>><>>	1	1	2	
85	<<<<<	2	1	1	
86	<<<<<	2	1	1	
87	>>>>>	2	2	1	
88	<<><<	2	2	2	
89	<<<<<	1	1	1	
90	>>>>>	2	2	1	
91	<<<<<	1	1	1	
92	>><>>	1	1	2	
93	<<><<	2	2	2	
94	<<><<	2	2	2	
95	>>>>>	2	2	1	
96	>>>>>	2	2	1	
97	>>>>>	2	2	1	
98	<<><<	2	2	2	
99	>><>>	2	1	2	
100	>><>>	1	1	2	
101	>><>>	1	1	2	
102	>>>>>	2	2	1	
103	>>>>>	2	2	1	
104	>><>>	1	1	2	
105	>>>>>	2	2	1	
106	>><>>	2	1	2	
107	<<><<	1	2	2	
108	<<<<<	2	1	1	
109	<<><<	1	2	2	
110	<<><<	1	2	2	
111	<<<<<	1	1	1	
112	<<><<	2	2	2	
113	<<><<	2	2	2	
114	<<<<<	1	1	1	
115	>>>>>	2	2	1	
116	<<><<	2	2	2	
117	<<><<	2	2	2	
118	>>>>>	2	2	1	
119	>><>>	2	1	2	
120	>><>>	1	1	2	
121	<<><<	2	2	2	
122	<<<<<	1	1	1	
123	>>>>>	2	2	1	
124	<<><<	2	2	2	
125	>>>>>	2	2	1	
126	<<><<	2	2	2	
127	>>>>>	2	2	1	
128	<<><<	2	2	2	
129	>>>>>	2	2	1	
130	<<><<	2	2	2	
131	>>>>>	2	2	1	
132	>><>>	2	1	2	
133	>><>>	2	1	2	
134	>>>>>	2	2	1	
135	>>>>>	2	2	1	
136	>><>>	2	1	2	
137	<<<<<	2	1	1	
138	<<<<<	2	1	1	
139	>><>>	2	1	2	
140	<<><<	2	2	2	
141	<<<<<	1	1	1	
142	<<><<	2	2	2	
143	>>>>>	2	2	1	
144	<<><<	2	2	2	
145	<<><<	2	2	2	
146	<<><<	2	2	2	
147	>><>>	2	1	2	
148	<<<<<	2	1	1	
149	<<<<<	2	1	1	
150	>>>>>	2	2	1	
1	>>>>>	2	2	1	
2	>>>>>	2	2	1	
3	>><>>	2	1	2	
4	<<<<<	2	1	1	
5	<<><<	2	2	2	
6	>><>>	2	1	2	
7	<<><<	2	2	2	
8	>><>>	2	1	2	
9	>><>>	2	1	2	
10	<<<<<	2	1	1	
11	>>>>>	2	2	1	
12	<<<<<	1	1	1	
13	>><>>	1	1	2	
14	>><>>	1	1	2	
15	>>>>>	2	2	1	
16	>>>>>	2	2	1	
17	>><>>	1	1	2	
18	>><>>	1	1	2	
19	<<<<<	2	1	1	
20	>><>>	1	1	2	
21	<<><<	2	2	2	
22	<<<<<	1	1	1	
23	<<<<<	1	1	1	
24	>><>>	1	1	2	
25	<<<<<	1	1	1	
26	>><>>	1	1	2	
27	<<><<	2	2	2	
28	>><>>	2	1	2	
29	<<><<	1	2	2	
30	>><>>	1	1	2	
31	<<><<	1	2	2	
32	<<><<	2	2	2	
33	<<<<<	2	1	1	
34	>>>>>	2	2	1	
35	>>>>>	2	2	1	
36	>>>>>	2	2	1	
37	>>>>>	2	2	1	
38	>><>>	2	1	2	
39	<<<<<	2	1	1	
40	>>>>>	2	2	1	
41	>><>>	2	1	2	
42	>><>>	2	1	2	
43	>><>>	2	1	2	
44	<<><<	2	2	2	
45	<<><<	2	2	2	
46	<<><<	2	2	2	
47	>><>>	2	1	2	
48	>><>>	2	1	2	
49	<<<<<	2	1	1	
50	<<><<	2	2	2	
51	<<<<<	2	1	1	
52	<<><<	2	2	2	
53	>>>>>	2	2	1	
54	<<><<	2	2	2	
55	<<<<<	1	1	1	
56	>>>>>	1	2	1	
57	<<><<	2	2	2	
58	<<><<	1	2	2	
59	>>>>>	2	2	1	
60	<<><<	2	2	2	
61	>><>>	2	1	2	
62	>><>>	1	1	2	
63	<<><<	2	2	2	
64	>><>>	1	1	2	
65	<<><<	2	2	2	
66	<<<<<	1	1	1	
67	<<><<	2	2	2	
68	>>>>>	2	2	1	
69	>>>>>	2	2	1	
70	<<<<<	1	1	1	
71	<<<<<	1	1	1	
72	>>>>>	2	2	1	
73	>>>>>	2	2	1	
74	>><>>	1	1	2	
75	>>>>>	2	2	1	
76	>><>>	1	1	2	
77	>>>>>	2	2	1	
78	>><>>	1	1	2	
79	>><>>	2	1	2	
80	<<><<	2	2	2	
81	>>>>>	2	2	1	
82	>>>>>	2	2	1	
83	>><>>	1	1	2	
84	>><>>	1	1	2	
85	<<<<<	1	1	1	
86	>><>>	1	1	2	
87	<<><<	2	2	2	
88	>><>>	2	1	2	
89	>><>>	1	1	2	
90	<<<<<	1	1	1	
91	>>>>>	2	2	1	
92	<<<<<	2	1	1	
93	>>>>>	2	2	1	
94	<<><<	1	2	2	
95	<<<<<	1	1	1	
96	<<<<<	2	1	1	
97	>>>>>	2	2	1	
98	>><>>	1	1	2	
99	>>>>>	2	2	1	
100	<<><<	2	2	2	
101	>>>>>	2	2	1	
102	<<><<	2	2	2	
103	>><>>	1	1	2	
104	<<<<<	1	1	1	
105	<<><<	2	2	2	
106	>>>>>	2	2	1	
107	>>>>>	2	2	1	
108	>><>>	1	1	2	
109	<<><<	1	2	2	
110	<<><<	2	2	2	
111	>><>>	1	1	2	
112	<<><<	2	2	2	
113	<<><<	2	2	2	
114	<<<<<	1	1	1	
115	>><>>	1	1	2	
116	<<><<	2	2	2	
117	<<><<	2	2	2	
118	>><>>	1	1	2	
119	>><>>	1	1	2	
120	<<><<	2	2	2	
121	<<<<<	1	1	1	
122	>>>>>	2	2	1	
123	<<><<	2	2	2	
124	>>>>>	2	2	1	
125	>><>>	2	1	2	
126	<<<<<	2	1	1	
127	<<><<	2	2	2	
128	>>>>>	2	2	1	
129	<<<<<	2	1	1	
130	<<><<	2	2	2	
131	<<><<	2	2	2	
132	<<><<	2	2	2	
133	>><>>	1	1	2	
134	<<><<	1	2	2	
135	>><>>	1	1	2	
136	<<><<	2	2	2	
137	>>>>>	1	2	1	
138	>>>>>	2	2	1	
139	<<><<	2	2	2	
140	<<<<<	1	1	1	
141	<<<<<	1	1	1	
142	<<<<<	1	1	1	
143	>>>>>	2	2	1	
144	>><>>	1	1	2	
145	>><>>	1	1	2	
146	>><>>	1	1	2	
147	>><>>	1	1	2	
148	>><>>	1	1	2	
149	<<<<<	1	1	1	
150	>><>>	1	1	2	
