Respuestas
 EFT lento :
 lm
 Columnas: 
- numero 
- estimulo 
- respuesta: 1izq 2der  
- direc: 1izq 2der  
- congruencia 1:cong 2:incong 

1	<<><<	2	2	2	
2	<<<<<	1	1	1	
3	>>>>>	2	2	1	
4	>>>>>	2	2	1	
5	<<<<<	1	1	1	
6	>>>>>	2	2	1	
7	>>>>>	2	2	1	
8	>>>>>	2	2	1	
9	>><>>	1	1	2	
10	<<><<	2	2	2	
11	<<<<<	1	1	1	
12	>><>>	1	1	2	
13	>><>>	1	1	2	
14	<<<<<	1	1	1	
15	>><>>	1	1	2	
16	<<><<	2	2	2	
17	<<<<<	1	1	1	
18	>>>>>	2	2	1	
19	>><>>	1	1	2	
20	>>>>>	2	2	1	
21	<<<<<	1	1	1	
22	>>>>>	2	2	1	
23	<<<<<	1	1	1	
24	<<><<	2	2	2	
25	<<><<	2	2	2	
26	<<<<<	1	1	1	
27	<<<<<	1	1	1	
28	>><>>	1	1	2	
29	<<<<<	1	1	1	
30	>>>>>	2	2	1	
31	>>>>>	2	2	1	
32	<<<<<	1	1	1	
33	>>>>>	2	2	1	
34	<<><<	2	2	2	
35	<<><<	2	2	2	
36	>><>>	1	1	2	
37	<<<<<	1	1	1	
38	<<><<	2	2	2	
39	>>>>>	2	2	1	
40	<<<<<	1	1	1	
41	<<<<<	1	1	1	
42	<<><<	2	2	2	
43	>><>>	2	1	2	
44	>><>>	1	1	2	
45	<<><<	1	2	2	
46	>>>>>	2	2	1	
47	<<<<<	1	1	1	
48	>>>>>	2	2	1	
49	>><>>	1	1	2	
50	<<<<<	1	1	1	
51	>><>>	1	1	2	
52	<<><<	2	2	2	
53	>>>>>	2	2	1	
54	>><>>	1	1	2	
55	<<><<	2	2	2	
56	>><>>	1	1	2	
57	<<<<<	1	1	1	
58	>>>>>	2	2	1	
59	<<<<<	1	1	1	
60	>>>>>	2	2	1	
61	>><>>	1	1	2	
62	>>>>>	2	2	1	
63	<<<<<	1	1	1	
64	<<<<<	1	1	1	
65	>><>>	1	1	2	
66	<<<<<	1	1	1	
67	<<<<<	1	1	1	
68	<<><<	2	2	2	
69	<<<<<	1	1	1	
70	>><>>	1	1	2	
71	<<<<<	1	1	1	
72	>><>>	1	1	2	
73	<<><<	2	2	2	
74	<<><<	2	2	2	
75	<<><<	2	2	2	
76	<<><<	2	2	2	
77	>>>>>	2	2	1	
78	>><>>	1	1	2	
79	<<><<	2	2	2	
80	<<><<	2	2	2	
81	<<><<	2	2	2	
82	>>>>>	2	2	1	
83	>>>>>	2	2	1	
84	<<><<	2	2	2	
85	>>>>>	2	2	1	
86	>><>>	1	1	2	
87	<<><<	2	2	2	
88	<<><<	2	2	2	
89	<<<<<	1	1	1	
90	<<><<	2	2	2	
91	<<><<	2	2	2	
92	>><>>	1	1	2	
93	<<<<<	1	1	1	
94	>>>>>	2	2	1	
95	<<><<	2	2	2	
96	>>>>>	2	2	1	
97	<<><<	2	2	2	
98	<<<<<	1	1	1	
99	>>>>>	2	2	1	
100	<<><<	1	2	2	
101	<<<<<	1	1	1	
102	<<<<<	1	1	1	
103	>><>>	1	1	2	
104	>><>>	1	1	2	
105	<<><<	2	2	2	
106	<<><<	2	2	2	
107	>>>>>	2	2	1	
108	>>>>>	2	2	1	
109	<<<<<	1	1	1	
110	>><>>	1	1	2	
111	<<<<<	1	1	1	
112	<<><<	2	2	2	
113	<<><<	2	2	2	
114	<<><<	2	2	2	
115	>><>>	1	1	2	
116	<<><<	2	2	2	
117	>><>>	1	1	2	
118	>><>>	1	1	2	
119	>><>>	1	1	2	
120	<<<<<	1	1	1	
121	>><>>	1	1	2	
122	<<><<	2	2	2	
123	<<<<<	1	1	1	
124	<<<<<	1	1	1	
125	<<><<	2	2	2	
126	>>>>>	2	2	1	
127	<<<<<	1	1	1	
128	>><>>	1	1	2	
129	>>>>>	2	2	1	
130	>><>>	1	1	2	
131	<<><<	1	2	2	
132	<<<<<	1	1	1	
133	<<><<	2	2	2	
134	>><>>	1	1	2	
135	>>>>>	2	2	1	
136	>>>>>	2	2	1	
137	<<<<<	1	1	1	
138	<<<<<	1	1	1	
139	>><>>	1	1	2	
140	>><>>	1	1	2	
141	>><>>	1	1	2	
142	<<<<<	1	1	1	
143	>><>>	1	1	2	
144	<<><<	2	2	2	
145	<<<<<	1	1	1	
146	<<><<	1	2	2	
147	>>>>>	1	2	1	
148	<<><<	2	2	2	
149	>><>>	2	1	2	
150	<<><<	2	2	2	
1	>><>>	1	1	2	
2	<<><<	2	2	2	
3	<<<<<	1	1	1	
4	<<<<<	1	1	1	
5	>>>>>	2	2	1	
6	<<><<	2	2	2	
7	>><>>	1	1	2	
8	<<><<	2	2	2	
9	>><>>	1	1	2	
10	<<><<	2	2	2	
11	>><>>	1	1	2	
12	>>>>>	2	2	1	
13	>>>>>	1	2	1	
14	<<><<	2	2	2	
15	<<><<	2	2	2	
16	<<><<	2	2	2	
17	>>>>>	2	2	1	
18	>><>>	1	1	2	
19	>><>>	1	1	2	
20	<<<<<	1	1	1	
21	<<<<<	1	1	1	
22	>>>>>	2	2	1	
23	<<><<	2	2	2	
24	>>>>>	2	2	1	
25	>>>>>	2	2	1	
26	<<><<	2	2	2	
27	<<><<	2	2	2	
28	>>>>>	2	2	1	
29	<<<<<	1	1	1	
30	>><>>	1	1	2	
31	>><>>	1	1	2	
32	>>>>>	1	2	1	
33	<<<<<	1	1	1	
34	<<><<	2	2	2	
35	<<<<<	1	1	1	
36	<<<<<	1	1	1	
37	>><>>	1	1	2	
38	<<<<<	2	1	1	
39	>><>>	1	1	2	
40	<<<<<	1	1	1	
41	>>>>>	2	2	1	
42	>>>>>	2	2	1	
43	>>>>>	2	2	1	
44	>><>>	1	1	2	
45	<<><<	2	2	2	
46	<<<<<	1	1	1	
47	>>>>>	2	2	1	
48	<<><<	2	2	2	
49	>><>>	1	1	2	
50	>><>>	1	1	2	
51	>>>>>	2	2	1	
52	<<<<<	1	1	1	
53	<<><<	2	2	2	
54	>><>>	1	1	2	
55	>>>>>	2	2	1	
56	>>>>>	2	2	1	
57	>>>>>	2	2	1	
58	>><>>	1	1	2	
59	>>>>>	2	2	1	
60	<<<<<	1	1	1	
61	>><>>	1	1	2	
62	>><>>	1	1	2	
63	<<><<	1	2	2	
64	<<<<<	1	1	1	
65	<<><<	1	2	2	
66	<<><<	2	2	2	
67	<<<<<	1	1	1	
68	>>>>>	2	2	1	
69	<<<<<	1	1	1	
70	>><>>	1	1	2	
71	<<<<<	1	1	1	
72	<<<<<	1	1	1	
73	>>>>>	2	2	1	
74	>><>>	2	1	2	
75	>>>>>	2	2	1	
76	>><>>	1	1	2	
77	<<><<	2	2	2	
78	<<<<<	1	1	1	
79	<<><<	2	2	2	
80	>>>>>	2	2	1	
81	<<><<	2	2	2	
82	>>>>>	2	2	1	
83	<<<<<	2	1	1	
84	>>>>>	2	2	1	
85	<<><<	2	2	2	
86	>>>>>	2	2	1	
87	>>>>>	2	2	1	
88	>><>>	1	1	2	
89	<<><<	2	2	2	
90	<<<<<	1	1	1	
91	>>>>>	2	2	1	
92	<<<<<	1	1	1	
93	<<><<	2	2	2	
94	>><>>	1	1	2	
95	<<<<<	1	1	1	
96	>><>>	1	1	2	
97	>><>>	1	1	2	
98	>><>>	1	1	2	
99	>>>>>	2	2	1	
100	<<><<	2	2	2	
101	<<><<	2	2	2	
102	<<><<	2	2	2	
103	>>>>>	2	2	1	
104	>><>>	1	1	2	
105	>><>>	1	1	2	
106	>><>>	1	1	2	
107	<<<<<	1	1	1	
108	>>>>>	1	2	1	
109	>><>>	1	1	2	
110	<<><<	2	2	2	
111	<<<<<	1	1	1	
112	<<<<<	1	1	1	
113	<<><<	1	2	2	
114	>><>>	1	1	2	
115	<<><<	1	2	2	
116	<<<<<	1	1	1	
117	>>>>>	1	2	1	
118	>><>>	2	1	2	
119	>>>>>	1	2	1	
120	>><>>	2	1	2	
121	>><>>	1	1	2	
122	>><>>	1	1	2	
123	<<><<	2	2	2	
124	<<><<	2	2	2	
125	>>>>>	2	2	1	
126	<<<<<	1	1	1	
127	>>>>>	1	2	1	
128	>>>>>	2	2	1	
129	>><>>	1	1	2	
130	<<<<<	1	1	1	
131	>><>>	2	1	2	
132	>><>>	2	1	2	
133	>>>>>	2	2	1	
134	<<<<<	1	1	1	
135	>>>>>	2	2	1	
136	>><>>	2	1	2	
137	<<><<	2	2	2	
138	<<<<<	1	1	1	
139	<<<<<	1	1	1	
140	<<<<<	1	1	1	
141	>>>>>	1	2	1	
142	<<><<	1	2	2	
143	<<<<<	1	1	1	
144	>><>>	2	1	2	
145	<<><<	2	2	2	
146	>>>>>	2	2	1	
147	<<<<<	1	1	1	
148	>><>>	1	1	2	
149	<<><<	2	2	2	
150	>><>>	1	1	2	
