Respuestas
 EFT lento :
 dp
 Columnas: 
- numero 
- estimulo 
- respuesta: 1izq 2der  
- direc: 1izq 2der  
- congruencia 1:cong 2:incong 

1	>><>>	1	1	2	
2	>>>>>	2	2	1	
3	>>>>>	2	2	1	
4	>><>>	1	1	2	
5	>>>>>	2	2	1	
6	<<><<	2	2	2	
7	>><>>	1	1	2	
8	<<<<<	1	1	1	
9	<<><<	2	2	2	
10	<<<<<	1	1	1	
11	>><>>	1	1	2	
12	<<<<<	1	1	1	
13	<<<<<	1	1	1	
14	<<><<	2	2	2	
15	>>>>>	2	2	1	
16	>>>>>	2	2	1	
17	<<<<<	1	1	1	
18	<<<<<	1	1	1	
19	<<><<	2	2	2	
20	>><>>	1	1	2	
21	>>>>>	2	2	1	
22	<<><<	2	2	2	
23	>>>>>	2	2	1	
24	>><>>	1	1	2	
25	<<<<<	1	1	1	
26	>>>>>	2	2	1	
27	<<<<<	1	1	1	
28	<<<<<	1	1	1	
29	>><>>	1	1	2	
30	>>>>>	2	2	1	
31	>>>>>	2	2	1	
32	>><>>	1	1	2	
33	>>>>>	2	2	1	
34	>><>>	1	1	2	
35	>>>>>	2	2	1	
36	>><>>	1	1	2	
37	>><>>	1	1	2	
38	<<<<<	1	1	1	
39	<<<<<	1	1	1	
40	<<<<<	1	1	1	
41	>><>>	1	1	2	
42	>>>>>	2	2	1	
43	<<<<<	1	1	1	
44	<<<<<	1	1	1	
45	>>>>>	2	2	1	
46	<<<<<	1	1	1	
47	<<><<	2	2	2	
48	>><>>	1	1	2	
49	>><>>	1	1	2	
50	>>>>>	2	2	1	
51	>>>>>	2	2	1	
52	>><>>	1	1	2	
53	>><>>	1	1	2	
54	>><>>	1	1	2	
55	<<><<	2	2	2	
56	>>>>>	2	2	1	
57	>><>>	1	1	2	
58	<<><<	2	2	2	
59	<<><<	2	2	2	
60	<<<<<	1	1	1	
61	<<<<<	1	1	1	
62	>>>>>	2	2	1	
63	>>>>>	2	2	1	
64	>>>>>	2	2	1	
65	>>>>>	2	2	1	
66	<<<<<	1	1	1	
67	<<><<	2	2	2	
68	<<<<<	1	1	1	
69	>>>>>	2	2	1	
70	<<<<<	1	1	1	
71	>><>>	1	1	2	
72	>>>>>	2	2	1	
73	<<><<	2	2	2	
74	>>>>>	2	2	1	
75	>>>>>	2	2	1	
76	<<<<<	1	1	1	
77	<<><<	2	2	2	
78	<<><<	2	2	2	
79	>>>>>	2	2	1	
80	<<<<<	1	1	1	
81	>><>>	1	1	2	
82	>>>>>	2	2	1	
83	<<><<	2	2	2	
84	>>>>>	2	2	1	
85	<<><<	2	2	2	
86	<<<<<	1	1	1	
87	>>>>>	2	2	1	
88	>>>>>	2	2	1	
89	>><>>	1	1	2	
90	>><>>	1	1	2	
91	<<<<<	1	1	1	
92	<<><<	2	2	2	
93	>><>>	1	1	2	
94	<<<<<	1	1	1	
95	<<><<	2	2	2	
96	>><>>	1	1	2	
97	<<><<	2	2	2	
98	<<<<<	1	1	1	
99	>>>>>	2	2	1	
100	>><>>	2	1	2	
101	<<><<	2	2	2	
102	>><>>	1	1	2	
103	<<<<<	1	1	1	
104	>><>>	1	1	2	
105	>>>>>	2	2	1	
106	<<><<	2	2	2	
107	<<<<<	1	1	1	
108	<<<<<	1	1	1	
109	>>>>>	2	2	1	
110	>>>>>	2	2	1	
111	<<><<	2	2	2	
112	<<><<	2	2	2	
113	<<><<	2	2	2	
114	<<><<	2	2	2	
115	>><>>	1	1	2	
116	<<<<<	1	1	1	
117	<<<<<	1	1	1	
118	>><>>	1	1	2	
119	>>>>>	2	2	1	
120	>><>>	1	1	2	
121	<<><<	2	2	2	
122	<<><<	2	2	2	
123	<<><<	2	2	2	
124	<<<<<	1	1	1	
125	>>>>>	2	2	1	
126	<<<<<	1	1	1	
127	<<><<	2	2	2	
128	>><>>	1	1	2	
129	>>>>>	2	2	1	
130	>><>>	1	1	2	
131	>>>>>	2	2	1	
132	<<><<	2	2	2	
133	>><>>	1	1	2	
134	>>>>>	2	2	1	
135	>>>>>	2	2	1	
136	<<><<	2	2	2	
137	>><>>	1	1	2	
138	<<><<	2	2	2	
139	<<><<	2	2	2	
140	<<><<	2	2	2	
141	<<><<	2	2	2	
142	>>>>>	2	2	1	
143	>>>>>	2	2	1	
144	>>>>>	2	2	1	
145	<<<<<	1	1	1	
146	<<<<<	1	1	1	
147	<<<<<	1	1	1	
148	<<<<<	1	1	1	
149	<<><<	2	2	2	
150	>>>>>	2	2	1	
1	>><>>	1	1	2	
2	>><>>	1	1	2	
3	<<<<<	1	1	1	
4	>><>>	1	1	2	
5	<<<<<	1	1	1	
6	>>>>>	2	2	1	
7	>>>>>	2	2	1	
8	<<><<	2	2	2	
9	<<<<<	1	1	1	
10	>><>>	1	1	2	
11	>>>>>	2	2	1	
12	>><>>	1	1	2	
13	<<<<<	1	1	1	
14	<<><<	2	2	2	
15	>>>>>	2	2	1	
16	<<<<<	1	1	1	
17	<<<<<	1	1	1	
18	>>>>>	2	2	1	
19	<<><<	2	2	2	
20	<<<<<	1	1	1	
21	>>>>>	2	2	1	
22	>><>>	1	1	2	
23	<<<<<	1	1	1	
24	>>>>>	2	2	1	
25	<<<<<	1	1	1	
26	>>>>>	2	2	1	
27	>>>>>	2	2	1	
28	>><>>	1	1	2	
29	<<><<	2	2	2	
30	<<><<	2	2	2	
31	<<<<<	1	1	1	
32	<<<<<	1	1	1	
33	>>>>>	2	2	1	
34	<<<<<	1	1	1	
35	<<><<	2	2	2	
36	>><>>	1	1	2	
37	>>>>>	2	2	1	
38	<<><<	2	2	2	
39	<<><<	2	2	2	
40	>>>>>	2	2	1	
41	>><>>	1	1	2	
42	<<><<	1	2	2	
43	>><>>	1	1	2	
44	<<<<<	1	1	1	
45	>>>>>	2	2	1	
46	<<<<<	1	1	1	
47	<<><<	2	2	2	
48	>>>>>	2	2	1	
49	<<><<	2	2	2	
50	<<><<	2	2	2	
51	>><>>	1	1	2	
52	<<<<<	1	1	1	
53	>>>>>	2	2	1	
54	<<<<<	1	1	1	
55	<<><<	2	2	2	
56	<<><<	2	2	2	
57	>><>>	1	1	2	
58	<<><<	2	2	2	
59	>>>>>	2	2	1	
60	>>>>>	2	2	1	
61	<<<<<	1	1	1	
62	<<><<	2	2	2	
63	<<><<	2	2	2	
64	<<><<	2	2	2	
65	<<<<<	1	1	1	
66	<<><<	2	2	2	
67	<<<<<	1	1	1	
68	<<<<<	1	1	1	
69	<<<<<	1	1	1	
70	>>>>>	2	2	1	
71	<<><<	2	2	2	
72	<<><<	1	2	2	
73	<<<<<	1	1	1	
74	<<<<<	1	1	1	
75	<<<<<	1	1	1	
76	>><>>	1	1	2	
77	<<><<	1	2	2	
78	>><>>	1	1	2	
79	<<><<	1	2	2	
80	>><>>	1	1	2	
81	<<<<<	1	1	1	
82	>>>>>	1	2	1	
83	<<<<<	1	1	1	
84	>>>>>	1	2	1	
85	>><>>	1	1	2	
86	>>>>>	2	2	1	
87	<<<<<	1	1	1	
88	<<><<	2	2	2	
89	>>>>>	2	2	1	
90	>>>>>	2	2	1	
91	>>>>>	2	2	1	
92	<<><<	2	2	2	
93	<<><<	2	2	2	
94	<<><<	2	2	2	
95	<<><<	2	2	2	
96	<<><<	2	2	2	
97	<<><<	2	2	2	
98	<<><<	2	2	2	
99	<<<<<	2	1	1	
100	>><>>	1	1	2	
101	<<><<	2	2	2	
102	>>>>>	2	2	1	
103	>>>>>	2	2	1	
104	>><>>	1	1	2	
105	<<><<	2	2	2	
106	>><>>	1	1	2	
107	>><>>	1	1	2	
108	>>>>>	2	2	1	
109	>><>>	1	1	2	
110	>>>>>	2	2	1	
111	>><>>	1	1	2	
112	<<<<<	1	1	1	
113	<<<<<	1	1	1	
114	<<><<	2	2	2	
115	>>>>>	2	2	1	
116	>>>>>	2	2	1	
117	<<><<	2	2	2	
118	<<<<<	1	1	1	
119	>><>>	1	1	2	
120	>><>>	1	1	2	
121	<<><<	2	2	2	
122	<<<<<	1	1	1	
123	>>>>>	2	2	1	
124	<<><<	2	2	2	
125	<<<<<	1	1	1	
126	>>>>>	2	2	1	
127	<<><<	2	2	2	
128	<<<<<	1	1	1	
129	>>>>>	2	2	1	
130	<<<<<	1	1	1	
131	>>>>>	2	2	1	
132	>><>>	1	1	2	
133	<<><<	2	2	2	
134	<<><<	2	2	2	
135	>><>>	1	1	2	
136	>>>>>	2	2	1	
137	>><>>	1	1	2	
138	<<><<	2	2	2	
139	>>>>>	2	2	1	
140	<<><<	2	2	2	
141	<<<<<	1	1	1	
142	<<><<	2	2	2	
143	>><>>	2	1	2	
144	<<><<	2	2	2	
145	<<><<	2	2	2	
146	<<<<<	1	1	1	
147	>><>>	1	1	2	
148	>>>>>	2	2	1	
149	<<<<<	1	1	1	
150	>><>>	1	1	2	
