Respuestas
 EFT rapido:
 dp
 Columnas: 
- numero 
- estimulo 
- respuesta: 1izq 2der  
- direc: 1izq 2der  
- congruencia 1:cong 2:incong 

1	<<<<<	1	1	1	
2	<<><<	2	2	2	
3	<<<<<	1	1	1	
4	>>>>>	2	2	1	
5	<<><<	2	2	2	
6	<<><<	2	2	2	
7	>>>>>	2	2	1	
8	>><>>	1	1	2	
9	<<><<	2	2	2	
10	>>>>>	2	2	1	
11	<<><<	1	2	2	
12	<<><<	2	2	2	
13	>>>>>	2	2	1	
14	<<><<	2	2	2	
15	<<<<<	2	1	1	
16	<<><<	2	2	2	
17	>>>>>	2	2	1	
18	<<<<<	1	1	1	
19	>><>>	1	1	2	
20	>><>>	1	1	2	
21	<<><<	1	2	2	
22	>><>>	1	1	2	
23	>><>>	1	1	2	
24	>><>>	1	1	2	
25	<<><<	2	2	2	
26	>>>>>	2	2	1	
27	<<<<<	1	1	1	
28	<<><<	2	2	2	
29	<<<<<	1	1	1	
30	>><>>	1	1	2	
31	>><>>	1	1	2	
32	<<<<<	1	1	1	
33	<<><<	1	2	2	
34	<<<<<	1	1	1	
35	<<><<	2	2	2	
36	<<<<<	1	1	1	
37	>>>>>	2	2	1	
38	>>>>>	1	2	1	
39	>><>>	2	1	2	
40	>><>>	1	1	2	
41	>>>>>	2	2	1	
42	<<><<	2	2	2	
43	>>>>>	2	2	1	
44	>>>>>	2	2	1	
45	>>>>>	2	2	1	
46	<<<<<	1	1	1	
47	>><>>	1	1	2	
48	<<><<	2	2	2	
49	>><>>	1	1	2	
50	<<<<<	1	1	1	
51	>><>>	1	1	2	
52	>>>>>	2	2	1	
53	>><>>	2	1	2	
54	>><>>	1	1	2	
55	>>>>>	1	2	1	
56	<<<<<	1	1	1	
57	>><>>	1	1	2	
58	<<><<	1	2	2	
59	>>>>>	1	2	1	
60	<<<<<	1	1	1	
61	<<><<	2	2	2	
62	>><>>	1	1	2	
63	<<<<<	1	1	1	
64	<<><<	2	2	2	
65	<<<<<	1	1	1	
66	<<<<<	1	1	1	
67	<<<<<	1	1	1	
68	<<><<	2	2	2	
69	>>>>>	2	2	1	
70	>>>>>	2	2	1	
71	>><>>	2	1	2	
72	>><>>	1	1	2	
73	>><>>	1	1	2	
74	>><>>	1	1	2	
75	<<><<	2	2	2	
76	>>>>>	2	2	1	
77	>>>>>	2	2	1	
78	<<><<	2	2	2	
79	>><>>	2	1	2	
80	<<<<<	2	1	1	
81	<<<<<	1	1	1	
82	>>>>>	2	2	1	
83	>><>>	2	1	2	
84	<<<<<	1	1	1	
85	>>>>>	2	2	1	
86	<<<<<	1	1	1	
87	>><>>	1	1	2	
88	>><>>	1	1	2	
89	<<<<<	1	1	1	
90	<<<<<	2	1	1	
91	>><>>	1	1	2	
92	<<<<<	1	1	1	
93	<<<<<	1	1	1	
94	>>>>>	1	2	1	
95	>><>>	1	1	2	
96	>><>>	1	1	2	
97	<<><<	2	2	2	
98	<<><<	2	2	2	
99	<<<<<	2	1	1	
100	>>>>>	2	2	1	
101	>><>>	1	1	2	
102	>>>>>	2	2	1	
103	<<<<<	1	1	1	
104	<<><<	1	2	2	
105	>><>>	1	1	2	
106	<<><<	1	2	2	
107	>>>>>	1	2	1	
108	>>>>>	1	2	1	
109	>>>>>	2	2	1	
110	>>>>>	2	2	1	
111	<<><<	2	2	2	
112	>><>>	2	1	2	
113	>>>>>	2	2	1	
114	>><>>	2	1	2	
115	<<><<	2	2	2	
116	>>>>>	2	2	1	
117	>><>>	2	1	2	
118	<<><<	2	2	2	
119	<<<<<	2	1	1	
120	<<<<<	1	1	1	
121	>><>>	1	1	2	
122	<<><<	2	2	2	
123	<<><<	2	2	2	
124	>>>>>	2	2	1	
125	>>>>>	2	2	1	
126	>><>>	1	1	2	
127	<<<<<	1	1	1	
128	>><>>	1	1	2	
129	<<<<<	1	1	1	
130	<<><<	2	2	2	
131	>>>>>	2	2	1	
132	>><>>	2	1	2	
133	>><>>	1	1	2	
134	<<><<	1	2	2	
135	<<<<<	1	1	1	
136	>><>>	1	1	2	
137	<<<<<	1	1	1	
138	>>>>>	1	2	1	
139	>><>>	2	1	2	
140	<<<<<	1	1	1	
141	>><>>	1	1	2	
142	>>>>>	2	2	1	
143	>><>>	1	1	2	
144	<<><<	2	2	2	
145	<<<<<	1	1	1	
146	>><>>	2	1	2	
147	>><>>	2	1	2	
148	<<><<	1	2	2	
149	>>>>>	1	2	1	
150	>>>>>	2	2	1	
1	<<<<<	1	1	1	
2	<<<<<	1	1	1	
3	>><>>	1	1	2	
4	>>>>>	1	2	1	
5	<<><<	1	2	2	
6	>>>>>	1	2	1	
7	>><>>	1	1	2	
8	<<<<<	1	1	1	
9	<<<<<	1	1	1	
10	<<><<	1	2	2	
11	>><>>	1	1	2	
12	>><>>	1	1	2	
13	>>>>>	2	2	1	
14	>><>>	1	1	2	
15	>><>>	1	1	2	
16	>>>>>	2	2	1	
17	>>>>>	2	2	1	
18	<<><<	1	2	2	
19	<<><<	1	2	2	
20	<<<<<	1	1	1	
21	<<><<	2	2	2	
22	<<<<<	1	1	1	
23	>><>>	1	1	2	
24	<<><<	1	2	2	
25	>>>>>	1	2	1	
26	<<><<	1	2	2	
27	<<<<<	1	1	1	
28	>>>>>	2	2	1	
29	>>>>>	2	2	1	
30	>>>>>	2	2	1	
31	>>>>>	2	2	1	
32	>>>>>	2	2	1	
33	<<<<<	1	1	1	
34	>>>>>	2	2	1	
35	>>>>>	2	2	1	
36	<<<<<	1	1	1	
37	<<<<<	1	1	1	
38	>>>>>	2	2	1	
39	<<<<<	2	1	1	
40	>><>>	1	1	2	
41	>><>>	1	1	2	
42	>><>>	1	1	2	
43	<<><<	2	2	2	
44	>><>>	2	1	2	
45	<<><<	2	2	2	
46	>><>>	1	1	2	
47	<<><<	2	2	2	
48	<<<<<	1	1	1	
49	>>>>>	2	2	1	
50	<<<<<	1	1	1	
51	<<><<	2	2	2	
52	<<<<<	1	1	1	
53	<<<<<	2	1	1	
54	>>>>>	1	2	1	
55	<<><<	1	2	2	
56	<<><<	2	2	2	
57	>>>>>	2	2	1	
58	>>>>>	2	2	1	
59	<<><<	2	2	2	
60	<<<<<	1	1	1	
61	>><>>	1	1	2	
62	>><>>	1	1	2	
63	>>>>>	1	2	1	
64	>>>>>	2	2	1	
65	<<<<<	2	1	1	
66	<<><<	2	2	2	
67	<<<<<	2	1	1	
68	>><>>	1	1	2	
69	>>>>>	1	2	1	
70	>>>>>	2	2	1	
71	<<><<	2	2	2	
72	>>>>>	1	2	1	
73	<<<<<	1	1	1	
74	>><>>	1	1	2	
75	>><>>	1	1	2	
76	<<><<	2	2	2	
77	<<<<<	1	1	1	
78	<<<<<	2	1	1	
79	<<<<<	2	1	1	
80	>>>>>	1	2	1	
81	<<<<<	2	1	1	
82	>>>>>	2	2	1	
83	>>>>>	2	2	1	
84	<<><<	2	2	2	
85	<<><<	2	2	2	
86	<<<<<	1	1	1	
87	<<><<	2	2	2	
88	<<><<	1	2	2	
89	<<<<<	1	1	1	
90	<<><<	2	2	2	
91	>>>>>	2	2	1	
92	>>>>>	2	2	1	
93	<<<<<	2	1	1	
94	>>>>>	2	2	1	
95	<<<<<	1	1	1	
96	>>>>>	2	2	1	
97	>>>>>	1	2	1	
98	>>>>>	2	2	1	
99	>>>>>	2	2	1	
100	>><>>	1	1	2	
101	>>>>>	1	2	1	
102	>>>>>	1	2	1	
103	>><>>	1	1	2	
104	<<<<<	1	1	1	
105	<<><<	1	2	2	
106	>>>>>	2	2	1	
107	>>>>>	2	2	1	
108	>>>>>	2	2	1	
109	<<<<<	1	1	1	
110	<<<<<	1	1	1	
111	>><>>	1	1	2	
112	>>>>>	2	2	1	
113	<<<<<	2	1	1	
114	>>>>>	2	2	1	
115	<<><<	2	2	2	
116	<<><<	2	2	2	
117	>><>>	2	1	2	
118	<<<<<	1	1	1	
119	>><>>	2	1	2	
120	>><>>	1	1	2	
121	<<<<<	2	1	1	
122	<<<<<	1	1	1	
123	>>>>>	1	2	1	
124	<<><<	2	2	2	
125	>>>>>	2	2	1	
126	>>>>>	2	2	1	
127	<<<<<	2	1	1	
128	>><>>	1	1	2	
129	>>>>>	1	2	1	
130	>><>>	1	1	2	
131	>><>>	1	1	2	
132	>>>>>	2	2	1	
133	>>>>>	2	2	1	
134	<<<<<	1	1	1	
135	<<<<<	1	1	1	
136	<<><<	2	2	2	
137	>>>>>	2	2	1	
138	<<<<<	1	1	1	
139	>>>>>	2	2	1	
140	<<<<<	1	1	1	
141	>>>>>	2	2	1	
142	<<<<<	1	1	1	
143	<<><<	2	2	2	
144	>>>>>	2	2	1	
145	>>>>>	2	2	1	
146	>><>>	1	1	2	
147	>>>>>	2	2	1	
148	>><>>	1	1	2	
149	>>>>>	2	2	1	
150	>><>>	1	1	2	
