Respuestas
 EFT rapido:
 mc
 Columnas: 
- numero 
- estimulo 
- respuesta: 1izq 2der  
- direc: 1izq 2der  
- congruencia 1:cong 2:incong 

1	<<><<	2	2	2	
2	>><>>	1	1	2	
3	<<><<	2	2	2	
4	>><>>	1	1	2	
5	>><>>	1	1	2	
6	>><>>	1	1	2	
7	<<<<<	1	1	1	
8	<<<<<	1	1	1	
9	<<><<	2	2	2	
10	>>>>>	2	2	1	
11	>>>>>	2	2	1	
12	<<><<	2	2	2	
13	<<<<<	1	1	1	
14	<<<<<	1	1	1	
15	>>>>>	2	2	1	
16	>><>>	1	1	2	
17	>><>>	1	1	2	
18	<<<<<	1	1	1	
19	>><>>	1	1	2	
20	<<><<	2	2	2	
21	>><>>	1	1	2	
22	>>>>>	2	2	1	
23	>>>>>	2	2	1	
24	<<><<	2	2	2	
25	>><>>	1	1	2	
26	>>>>>	2	2	1	
27	<<><<	2	2	2	
28	<<><<	2	2	2	
29	<<><<	2	2	2	
30	>>>>>	2	2	1	
31	>>>>>	2	2	1	
32	<<><<	2	2	2	
33	>><>>	1	1	2	
34	<<><<	2	2	2	
35	<<<<<	1	1	1	
36	>><>>	1	1	2	
37	<<><<	2	2	2	
38	<<<<<	1	1	1	
39	>><>>	1	1	2	
40	>><>>	1	1	2	
41	>><>>	1	1	2	
42	>><>>	1	1	2	
43	>><>>	1	1	2	
44	>><>>	1	1	2	
45	<<<<<	1	1	1	
46	>>>>>	2	2	1	
47	>><>>	1	1	2	
48	>>>>>	2	2	1	
49	<<<<<	1	1	1	
50	>>>>>	2	2	1	
51	<<<<<	1	1	1	
52	<<><<	2	2	2	
53	<<><<	1	2	2	
54	<<><<	2	2	2	
55	>><>>	1	1	2	
56	>>>>>	2	2	1	
57	<<<<<	1	1	1	
58	<<<<<	1	1	1	
59	>><>>	1	1	2	
60	<<<<<	1	1	1	
61	>><>>	1	1	2	
62	<<<<<	1	1	1	
63	<<<<<	1	1	1	
64	>>>>>	2	2	1	
65	>>>>>	2	2	1	
66	<<<<<	1	1	1	
67	>><>>	1	1	2	
68	<<><<	2	2	2	
69	<<<<<	1	1	1	
70	<<><<	2	2	2	
71	>><>>	1	1	2	
72	<<><<	2	2	2	
73	>>>>>	2	2	1	
74	<<><<	2	2	2	
75	>><>>	1	1	2	
76	<<><<	2	2	2	
77	>><>>	1	1	2	
78	>>>>>	2	2	1	
79	>>>>>	2	2	1	
80	>><>>	1	1	2	
81	>><>>	1	1	2	
82	>><>>	1	1	2	
83	>>>>>	2	2	1	
84	<<><<	2	2	2	
85	>>>>>	2	2	1	
86	<<><<	2	2	2	
87	<<><<	2	2	2	
88	>>>>>	2	2	1	
89	<<><<	2	2	2	
90	>>>>>	2	2	1	
91	<<<<<	1	1	1	
92	>>>>>	2	2	1	
93	>>>>>	2	2	1	
94	>><>>	1	1	2	
95	<<><<	2	2	2	
96	>><>>	1	1	2	
97	<<<<<	1	1	1	
98	>><>>	1	1	2	
99	<<<<<	1	1	1	
100	<<<<<	1	1	1	
101	>>>>>	2	2	1	
102	>><>>	1	1	2	
103	<<<<<	1	1	1	
104	<<<<<	1	1	1	
105	>><>>	1	1	2	
106	>><>>	1	1	2	
107	>>>>>	2	2	1	
108	>>>>>	2	2	1	
109	<<<<<	1	1	1	
110	<<><<	2	2	2	
111	>>>>>	2	2	1	
112	<<><<	2	2	2	
113	>>>>>	2	2	1	
114	>>>>>	2	2	1	
115	>><>>	1	1	2	
116	<<<<<	1	1	1	
117	>><>>	1	1	2	
118	<<><<	2	2	2	
119	>><>>	1	1	2	
120	<<<<<	1	1	1	
121	<<<<<	2	1	1	
122	<<><<	2	2	2	
123	>><>>	1	1	2	
124	<<><<	2	2	2	
125	>>>>>	1	2	1	
126	>><>>	1	1	2	
127	>>>>>	2	2	1	
128	>><>>	1	1	2	
129	>>>>>	2	2	1	
130	<<<<<	1	1	1	
131	<<<<<	1	1	1	
132	<<><<	2	2	2	
133	>>>>>	2	2	1	
134	>><>>	1	1	2	
135	>><>>	1	1	2	
136	<<<<<	1	1	1	
137	<<<<<	1	1	1	
138	>><>>	1	1	2	
139	<<<<<	1	1	1	
140	>>>>>	2	2	1	
141	>>>>>	2	2	1	
142	>>>>>	2	2	1	
143	>><>>	1	1	2	
144	<<<<<	1	1	1	
145	<<><<	2	2	2	
146	<<<<<	1	1	1	
147	<<><<	2	2	2	
148	<<<<<	1	1	1	
149	<<<<<	1	1	1	
150	<<<<<	1	1	1	
1	<<><<	2	2	2	
2	<<<<<	1	1	1	
3	<<><<	2	2	2	
4	<<<<<	1	1	1	
5	<<<<<	1	1	1	
6	<<><<	2	2	2	
7	<<<<<	1	1	1	
8	<<<<<	1	1	1	
9	<<><<	2	2	2	
10	<<<<<	1	1	1	
11	<<><<	2	2	2	
12	>><>>	1	1	2	
13	<<<<<	1	1	1	
14	<<<<<	1	1	1	
15	<<<<<	1	1	1	
16	>>>>>	2	2	1	
17	<<<<<	1	1	1	
18	<<<<<	1	1	1	
19	<<<<<	1	1	1	
20	<<<<<	1	1	1	
21	>>>>>	2	2	1	
22	>><>>	1	1	2	
23	>>>>>	2	2	1	
24	<<><<	2	2	2	
25	>>>>>	2	2	1	
26	>>>>>	2	2	1	
27	>>>>>	2	2	1	
28	<<<<<	1	1	1	
29	<<><<	2	2	2	
30	>>>>>	2	2	1	
31	>><>>	1	1	2	
32	<<<<<	1	1	1	
33	<<><<	2	2	2	
34	<<><<	2	2	2	
35	>>>>>	2	2	1	
36	<<><<	2	2	2	
37	>>>>>	2	2	1	
38	<<><<	2	2	2	
39	>>>>>	2	2	1	
40	<<<<<	1	1	1	
41	<<<<<	1	1	1	
42	>>>>>	2	2	1	
43	<<<<<	1	1	1	
44	<<<<<	1	1	1	
45	<<<<<	1	1	1	
46	>><>>	1	1	2	
47	<<><<	2	2	2	
48	<<<<<	1	1	1	
49	>>>>>	2	2	1	
50	<<><<	2	2	2	
51	>>>>>	2	2	1	
52	<<<<<	1	1	1	
53	>><>>	2	1	2	
54	>>>>>	2	2	1	
55	>><>>	1	1	2	
56	>><>>	1	1	2	
57	>>>>>	2	2	1	
58	>><>>	2	1	2	
59	>><>>	1	1	2	
60	>><>>	1	1	2	
61	>>>>>	2	2	1	
62	>><>>	1	1	2	
63	>>>>>	2	2	1	
64	>><>>	1	1	2	
65	<<<<<	2	1	1	
66	>>>>>	2	2	1	
67	<<<<<	1	1	1	
68	>><>>	1	1	2	
69	<<<<<	1	1	1	
70	>>>>>	2	2	1	
71	>>>>>	1	2	1	
72	>><>>	1	1	2	
73	<<><<	2	2	2	
74	>><>>	1	1	2	
75	<<<<<	1	1	1	
76	>>>>>	2	2	1	
77	>><>>	1	1	2	
78	>>>>>	2	2	1	
79	<<<<<	1	1	1	
80	<<><<	2	2	2	
81	>><>>	1	1	2	
82	>><>>	2	1	2	
83	<<<<<	1	1	1	
84	<<><<	2	2	2	
85	>><>>	1	1	2	
86	>>>>>	2	2	1	
87	>>>>>	2	2	1	
88	>><>>	1	1	2	
89	<<<<<	1	1	1	
90	<<><<	2	2	2	
91	<<<<<	1	1	1	
92	>>>>>	2	2	1	
93	>>>>>	1	2	1	
94	<<><<	2	2	2	
95	<<><<	2	2	2	
96	<<<<<	1	1	1	
97	<<<<<	1	1	1	
98	<<><<	2	2	2	
99	<<<<<	1	1	1	
100	<<<<<	1	1	1	
101	>>>>>	2	2	1	
102	>>>>>	2	2	1	
103	<<<<<	1	1	1	
104	<<><<	2	2	2	
105	<<><<	2	2	2	
106	>>>>>	2	2	1	
107	>><>>	1	1	2	
108	>><>>	1	1	2	
109	<<><<	2	2	2	
110	<<<<<	1	1	1	
111	<<><<	2	2	2	
112	>><>>	1	1	2	
113	>><>>	2	1	2	
114	<<<<<	1	1	1	
115	>><>>	1	1	2	
116	>>>>>	2	2	1	
117	<<><<	2	2	2	
118	>><>>	1	1	2	
119	<<<<<	1	1	1	
120	<<<<<	1	1	1	
121	>>>>>	1	2	1	
122	<<<<<	1	1	1	
123	>>>>>	2	2	1	
124	<<><<	1	2	2	
125	<<<<<	1	1	1	
126	<<<<<	1	1	1	
127	>>>>>	2	2	1	
128	<<<<<	1	1	1	
129	>><>>	1	1	2	
130	<<><<	1	2	2	
131	>><>>	1	1	2	
132	>><>>	1	1	2	
133	<<<<<	1	1	1	
134	<<><<	2	2	2	
135	>>>>>	2	2	1	
136	>><>>	1	1	2	
137	>>>>>	2	2	1	
138	>><>>	1	1	2	
139	>><>>	2	1	2	
140	>>>>>	2	2	1	
141	<<><<	2	2	2	
142	<<<<<	1	1	1	
143	<<><<	2	2	2	
144	>><>>	1	1	2	
145	>><>>	1	1	2	
146	<<><<	2	2	2	
147	<<<<<	1	1	1	
148	>>>>>	2	2	1	
149	<<><<	2	2	2	
150	<<><<	2	2	2	
