Respuestas
 EFT lento :
 mc
 Columnas: 
- numero 
- estimulo 
- respuesta: 1izq 2der  
- direc: 1izq 2der  
- congruencia 1:cong 2:incong 

1	>>>>>	2	2	1	
2	<<><<	2	2	2	
3	>><>>	1	1	2	
4	<<<<<	1	1	1	
5	>>>>>	2	2	1	
6	<<><<	2	2	2	
7	<<><<	2	2	2	
8	>>>>>	2	2	1	
9	<<><<	2	2	2	
10	<<><<	2	2	2	
11	>><>>	1	1	2	
12	>><>>	1	1	2	
13	>><>>	1	1	2	
14	<<<<<	1	1	1	
15	<<<<<	1	1	1	
16	>>>>>	2	2	1	
17	<<<<<	1	1	1	
18	>>>>>	2	2	1	
19	<<<<<	1	1	1	
20	<<><<	2	2	2	
21	>>>>>	2	2	1	
22	<<><<	2	2	2	
23	>>>>>	2	2	1	
24	<<><<	2	2	2	
25	<<><<	2	2	2	
26	>><>>	1	1	2	
27	>>>>>	2	2	1	
28	>>>>>	2	2	1	
29	>>>>>	2	2	1	
30	>>>>>	2	2	1	
31	>>>>>	2	2	1	
32	<<><<	2	2	2	
33	>>>>>	2	2	1	
34	<<><<	2	2	2	
35	<<><<	2	2	2	
36	>><>>	1	1	2	
37	>>>>>	2	2	1	
38	>><>>	1	1	2	
39	<<><<	2	2	2	
40	<<><<	2	2	2	
41	<<<<<	1	1	1	
42	<<<<<	1	1	1	
43	>>>>>	2	2	1	
44	<<><<	2	2	2	
45	>>>>>	2	2	1	
46	>>>>>	2	2	1	
47	<<<<<	1	1	1	
48	<<<<<	1	1	1	
49	<<<<<	1	1	1	
50	>><>>	1	1	2	
51	<<><<	2	2	2	
52	>>>>>	2	2	1	
53	<<<<<	1	1	1	
54	>>>>>	2	2	1	
55	>>>>>	2	2	1	
56	<<<<<	1	1	1	
57	<<<<<	1	1	1	
58	>><>>	1	1	2	
59	<<<<<	1	1	1	
60	<<><<	2	2	2	
61	>><>>	1	1	2	
62	<<<<<	1	1	1	
63	>>>>>	2	2	1	
64	>><>>	1	1	2	
65	<<<<<	1	1	1	
66	>><>>	1	1	2	
67	>>>>>	2	2	1	
68	<<<<<	1	1	1	
69	<<<<<	1	1	1	
70	<<<<<	1	1	1	
71	>>>>>	2	2	1	
72	>>>>>	2	2	1	
73	>><>>	1	1	2	
74	>><>>	1	1	2	
75	>>>>>	2	2	1	
76	<<><<	2	2	2	
77	<<><<	2	2	2	
78	>>>>>	2	2	1	
79	>>>>>	2	2	1	
80	<<<<<	1	1	1	
81	>>>>>	2	2	1	
82	>>>>>	2	2	1	
83	<<<<<	1	1	1	
84	<<<<<	1	1	1	
85	<<><<	2	2	2	
86	>><>>	2	1	2	
87	<<<<<	1	1	1	
88	<<<<<	1	1	1	
89	<<><<	2	2	2	
90	<<<<<	1	1	1	
91	>><>>	2	1	2	
92	<<><<	2	2	2	
93	<<<<<	1	1	1	
94	<<><<	2	2	2	
95	<<><<	2	2	2	
96	>>>>>	2	2	1	
97	<<<<<	1	1	1	
98	<<<<<	1	1	1	
99	<<<<<	1	1	1	
100	<<<<<	1	1	1	
101	>><>>	1	1	2	
102	>><>>	1	1	2	
103	>><>>	1	1	2	
104	<<><<	2	2	2	
105	<<><<	2	2	2	
106	<<><<	2	2	2	
107	<<><<	2	2	2	
108	<<<<<	1	1	1	
109	>><>>	2	1	2	
110	<<<<<	2	1	1	
111	>><>>	1	1	2	
112	>>>>>	2	2	1	
113	<<<<<	1	1	1	
114	<<<<<	1	1	1	
115	>><>>	1	1	2	
116	<<<<<	1	1	1	
117	>>>>>	2	2	1	
118	<<<<<	1	1	1	
119	>><>>	2	1	2	
120	>>>>>	2	2	1	
121	<<><<	2	2	2	
122	<<<<<	1	1	1	
123	>>>>>	2	2	1	
124	<<<<<	1	1	1	
125	<<<<<	1	1	1	
126	<<><<	2	2	2	
127	<<<<<	1	1	1	
128	<<<<<	1	1	1	
129	<<><<	2	2	2	
130	<<<<<	1	1	1	
131	>><>>	1	1	2	
132	<<<<<	1	1	1	
133	>><>>	2	1	2	
134	>>>>>	2	2	1	
135	>>>>>	2	2	1	
136	<<<<<	1	1	1	
137	<<<<<	1	1	1	
138	<<<<<	1	1	1	
139	>>>>>	1	2	1	
140	<<<<<	1	1	1	
141	<<<<<	1	1	1	
142	>><>>	1	1	2	
143	>><>>	1	1	2	
144	<<<<<	1	1	1	
145	>>>>>	2	2	1	
146	<<<<<	1	1	1	
147	>><>>	1	1	2	
148	>>>>>	2	2	1	
149	<<><<	2	2	2	
150	>><>>	2	1	2	
1	>><>>	1	1	2	
2	<<><<	2	2	2	
3	<<><<	2	2	2	
4	>>>>>	2	2	1	
5	>><>>	1	1	2	
6	>>>>>	2	2	1	
7	>>>>>	2	2	1	
8	<<><<	2	2	2	
9	>>>>>	2	2	1	
10	<<<<<	1	1	1	
11	>>>>>	2	2	1	
12	>>>>>	2	2	1	
13	>>>>>	2	2	1	
14	<<><<	2	2	2	
15	<<><<	2	2	2	
16	>><>>	1	1	2	
17	>>>>>	2	2	1	
18	<<<<<	1	1	1	
19	<<><<	2	2	2	
20	<<><<	2	2	2	
21	<<><<	2	2	2	
22	>><>>	1	1	2	
23	<<><<	2	2	2	
24	>>>>>	2	2	1	
25	<<><<	2	2	2	
26	>>>>>	2	2	1	
27	<<<<<	1	1	1	
28	>><>>	1	1	2	
29	<<<<<	1	1	1	
30	<<<<<	1	1	1	
31	>>>>>	2	2	1	
32	>><>>	1	1	2	
33	<<><<	2	2	2	
34	>><>>	1	1	2	
35	>>>>>	2	2	1	
36	<<<<<	1	1	1	
37	<<<<<	1	1	1	
38	>><>>	1	1	2	
39	>><>>	1	1	2	
40	>><>>	1	1	2	
41	<<><<	2	2	2	
42	>>>>>	2	2	1	
43	<<><<	2	2	2	
44	>>>>>	2	2	1	
45	<<<<<	1	1	1	
46	>>>>>	2	2	1	
47	>>>>>	2	2	1	
48	>><>>	1	1	2	
49	<<<<<	1	1	1	
50	>>>>>	2	2	1	
51	>>>>>	2	2	1	
52	<<<<<	1	1	1	
53	>><>>	1	1	2	
54	>><>>	1	1	2	
55	>><>>	1	1	2	
56	>><>>	1	1	2	
57	<<><<	2	2	2	
58	>><>>	1	1	2	
59	<<<<<	1	1	1	
60	<<<<<	1	1	1	
61	>><>>	2	1	2	
62	<<<<<	1	1	1	
63	<<><<	2	2	2	
64	>><>>	1	1	2	
65	>>>>>	2	2	1	
66	<<<<<	1	1	1	
67	>><>>	1	1	2	
68	>><>>	1	1	2	
69	<<<<<	1	1	1	
70	<<<<<	1	1	1	
71	<<<<<	1	1	1	
72	>><>>	2	1	2	
73	>>>>>	2	2	1	
74	>><>>	1	1	2	
75	<<><<	2	2	2	
76	<<><<	2	2	2	
77	<<><<	2	2	2	
78	<<><<	2	2	2	
79	>>>>>	2	2	1	
80	>><>>	2	1	2	
81	>><>>	1	1	2	
82	>><>>	2	1	2	
83	<<<<<	1	1	1	
84	>>>>>	2	2	1	
85	<<<<<	1	1	1	
86	<<><<	2	2	2	
87	>>>>>	2	2	1	
88	<<><<	2	2	2	
89	>>>>>	2	2	1	
90	<<><<	2	2	2	
91	>>>>>	2	2	1	
92	>><>>	1	1	2	
93	>><>>	1	1	2	
94	>><>>	1	1	2	
95	>>>>>	2	2	1	
96	>><>>	1	1	2	
97	<<<<<	1	1	1	
98	<<<<<	1	1	1	
99	>><>>	2	1	2	
100	<<<<<	1	1	1	
101	<<<<<	1	1	1	
102	>>>>>	2	2	1	
103	>>>>>	2	2	1	
104	<<<<<	1	1	1	
105	>><>>	1	1	2	
106	<<><<	2	2	2	
107	<<><<	2	2	2	
108	>>>>>	2	2	1	
109	<<><<	2	2	2	
110	<<><<	2	2	2	
111	>>>>>	2	2	1	
112	>><>>	2	1	2	
113	>><>>	2	1	2	
114	<<><<	2	2	2	
115	>>>>>	2	2	1	
116	>><>>	1	1	2	
117	<<<<<	1	1	1	
118	<<<<<	1	1	1	
119	>><>>	2	1	2	
120	>><>>	1	1	2	
121	<<<<<	1	1	1	
122	<<><<	2	2	2	
123	<<><<	2	2	2	
124	<<<<<	1	1	1	
125	<<><<	2	2	2	
126	<<><<	2	2	2	
127	>>>>>	2	2	1	
128	<<<<<	1	1	1	
129	>><>>	1	1	2	
130	<<><<	2	2	2	
131	>>>>>	2	2	1	
132	>><>>	1	1	2	
133	>><>>	1	1	2	
134	<<><<	2	2	2	
135	<<<<<	1	1	1	
136	>><>>	1	1	2	
137	<<><<	2	2	2	
138	<<<<<	1	1	1	
139	<<<<<	1	1	1	
140	>>>>>	2	2	1	
141	>>>>>	2	2	1	
142	>><>>	1	1	2	
143	<<<<<	2	1	1	
144	<<><<	2	2	2	
145	<<<<<	1	1	1	
146	<<<<<	1	1	1	
147	<<<<<	1	1	1	
148	<<<<<	1	1	1	
149	>>>>>	2	2	1	
150	>>>>>	2	2	1	
