Respuestas
 EFT lento :
 DE
 Columnas: 
- numero 
- estimulo 
- respuesta: 1izq 2der  
- direc: 1izq 2der  
- congruencia 1:cong 2:incong 

1	<<<<<	1	1	1	
2	<<<<<	1	1	1	
3	<<><<	2	2	2	
4	<<<<<	1	1	1	
5	>>>>>	2	2	1	
6	>>>>>	2	2	1	
7	<<><<	2	2	2	
8	<<><<	2	2	2	
9	<<><<	2	2	2	
10	<<><<	1	2	2	
11	>>>>>	2	2	1	
12	<<<<<	2	1	1	
13	>>>>>	2	2	1	
14	<<<<<	1	1	1	
15	>><>>	2	1	2	
16	>><>>	1	1	2	
17	<<><<	1	2	2	
18	>>>>>	2	2	1	
19	<<><<	2	2	2	
20	<<<<<	1	1	1	
21	>>>>>	2	2	1	
22	<<<<<	1	1	1	
23	<<<<<	1	1	1	
24	<<><<	2	2	2	
25	<<<<<	1	1	1	
26	>><>>	1	1	2	
27	<<><<	2	2	2	
28	<<><<	2	2	2	
29	>><>>	1	1	2	
30	>><>>	1	1	2	
31	>><>>	1	1	2	
32	>>>>>	2	2	1	
33	<<><<	2	2	2	
34	>>>>>	2	2	1	
35	<<<<<	1	1	1	
36	<<<<<	1	1	1	
37	>>>>>	2	2	1	
38	>>>>>	2	2	1	
39	<<<<<	1	1	1	
40	>>>>>	2	2	1	
41	>>>>>	2	2	1	
42	>>>>>	2	2	1	
43	>><>>	1	1	2	
44	<<<<<	1	1	1	
45	<<><<	2	2	2	
46	>>>>>	2	2	1	
47	<<<<<	1	1	1	
48	<<<<<	1	1	1	
49	>><>>	1	1	2	
50	<<><<	2	2	2	
51	>><>>	2	1	2	
52	>><>>	1	1	2	
53	>>>>>	2	2	1	
54	<<><<	2	2	2	
55	<<><<	2	2	2	
56	<<><<	2	2	2	
57	>>>>>	2	2	1	
58	>>>>>	2	2	1	
59	<<><<	2	2	2	
60	<<<<<	1	1	1	
61	>>>>>	2	2	1	
62	>><>>	2	1	2	
63	<<<<<	1	1	1	
64	<<<<<	1	1	1	
65	<<><<	2	2	2	
66	>><>>	1	1	2	
67	>>>>>	2	2	1	
68	<<<<<	2	1	1	
69	<<><<	2	2	2	
70	>><>>	2	1	2	
71	>>>>>	2	2	1	
72	<<><<	2	2	2	
73	>><>>	1	1	2	
74	>><>>	2	1	2	
75	>><>>	1	1	2	
76	>>>>>	2	2	1	
77	<<><<	2	2	2	
78	<<><<	2	2	2	
79	>>>>>	2	2	1	
80	<<><<	2	2	2	
81	>>>>>	2	2	1	
82	<<<<<	2	1	1	
83	>>>>>	2	2	1	
84	<<><<	2	2	2	
85	>>>>>	2	2	1	
86	<<<<<	1	1	1	
87	<<<<<	1	1	1	
88	>><>>	2	1	2	
89	>>>>>	2	2	1	
90	>>>>>	2	2	1	
91	<<<<<	1	1	1	
92	>>>>>	2	2	1	
93	<<<<<	1	1	1	
94	<<<<<	1	1	1	
95	<<<<<	1	1	1	
96	>><>>	1	1	2	
97	<<<<<	1	1	1	
98	<<<<<	1	1	1	
99	<<<<<	1	1	1	
100	<<<<<	1	1	1	
101	<<><<	1	2	2	
102	<<<<<	1	1	1	
103	<<<<<	1	1	1	
104	>><>>	1	1	2	
105	<<<<<	1	1	1	
106	<<<<<	1	1	1	
107	>><>>	1	1	2	
108	>>>>>	2	2	1	
109	<<<<<	2	1	1	
110	<<<<<	1	1	1	
111	<<><<	2	2	2	
112	<<<<<	1	1	1	
113	>><>>	1	1	2	
114	>><>>	2	1	2	
115	<<><<	1	2	2	
116	<<<<<	1	1	1	
117	<<><<	2	2	2	
118	>><>>	1	1	2	
119	>><>>	1	1	2	
120	>>>>>	1	2	1	
121	>><>>	1	1	2	
122	<<><<	2	2	2	
123	<<><<	2	2	2	
124	>>>>>	2	2	1	
125	<<<<<	1	1	1	
126	<<><<	2	2	2	
127	<<><<	2	2	2	
128	>><>>	1	1	2	
129	>>>>>	2	2	1	
130	>>>>>	2	2	1	
131	<<<<<	1	1	1	
132	>>>>>	2	2	1	
133	>>>>>	2	2	1	
134	>><>>	2	1	2	
135	<<><<	1	2	2	
136	<<><<	2	2	2	
137	>><>>	1	1	2	
138	>><>>	1	1	2	
139	>><>>	1	1	2	
140	<<><<	2	2	2	
141	>>>>>	2	2	1	
142	>><>>	1	1	2	
143	<<><<	2	2	2	
144	<<><<	2	2	2	
145	>>>>>	2	2	1	
146	>><>>	2	1	2	
147	<<<<<	1	1	1	
148	<<><<	2	2	2	
149	<<<<<	1	1	1	
150	>><>>	1	1	2	
1	>>>>>	2	2	1	
2	<<><<	1	2	2	
3	>>>>>	2	2	1	
4	>><>>	1	1	2	
5	>><>>	1	1	2	
6	<<<<<	1	1	1	
7	<<<<<	1	1	1	
8	<<<<<	1	1	1	
9	<<><<	1	2	2	
10	>>>>>	2	2	1	
11	<<><<	2	2	2	
12	>><>>	1	1	2	
13	<<><<	2	2	2	
14	>><>>	1	1	2	
15	>><>>	1	1	2	
16	>><>>	1	1	2	
17	>><>>	1	1	2	
18	<<><<	2	2	2	
19	>><>>	1	1	2	
20	<<><<	2	2	2	
21	>><>>	1	1	2	
22	>><>>	1	1	2	
23	<<<<<	1	1	1	
24	>>>>>	2	2	1	
25	>><>>	1	1	2	
26	>><>>	1	1	2	
27	<<<<<	1	1	1	
28	>><>>	2	1	2	
29	<<<<<	1	1	1	
30	<<<<<	1	1	1	
31	>>>>>	2	2	1	
32	<<<<<	1	1	1	
33	>>>>>	2	2	1	
34	>>>>>	2	2	1	
35	>><>>	1	1	2	
36	<<><<	2	2	2	
37	>>>>>	2	2	1	
38	>><>>	2	1	2	
39	<<<<<	1	1	1	
40	<<><<	2	2	2	
41	>>>>>	2	2	1	
42	<<<<<	1	1	1	
43	>>>>>	2	2	1	
44	<<><<	2	2	2	
45	<<><<	2	2	2	
46	>><>>	2	1	2	
47	>>>>>	2	2	1	
48	<<><<	2	2	2	
49	>><>>	1	1	2	
50	<<<<<	1	1	1	
51	<<><<	2	2	2	
52	>><>>	1	1	2	
53	>>>>>	2	2	1	
54	<<<<<	1	1	1	
55	>>>>>	2	2	1	
56	<<<<<	1	1	1	
57	<<<<<	1	1	1	
58	>>>>>	2	2	1	
59	>>>>>	2	2	1	
60	>><>>	1	1	2	
61	>>>>>	2	2	1	
62	<<><<	2	2	2	
63	>><>>	2	1	2	
64	>><>>	1	1	2	
65	>><>>	2	1	2	
66	<<<<<	1	1	1	
67	>><>>	1	1	2	
68	>><>>	1	1	2	
69	<<<<<	1	1	1	
70	>>>>>	2	2	1	
71	<<<<<	1	1	1	
72	<<><<	2	2	2	
73	<<<<<	1	1	1	
74	>>>>>	2	2	1	
75	>><>>	2	1	2	
76	>>>>>	2	2	1	
77	<<><<	2	2	2	
78	>>>>>	2	2	1	
79	<<<<<	1	1	1	
80	<<<<<	1	1	1	
81	<<<<<	1	1	1	
82	<<><<	1	2	2	
83	>>>>>	2	2	1	
84	>>>>>	2	2	1	
85	<<<<<	1	1	1	
86	>>>>>	2	2	1	
87	<<><<	1	2	2	
88	>>>>>	2	2	1	
89	<<><<	2	2	2	
90	>><>>	1	1	2	
91	>>>>>	2	2	1	
92	>>>>>	2	2	1	
93	>><>>	1	1	2	
94	<<<<<	1	1	1	
95	>><>>	1	1	2	
96	>>>>>	2	2	1	
97	>>>>>	2	2	1	
98	>>>>>	2	2	1	
99	>><>>	2	1	2	
100	<<<<<	1	1	1	
101	>>>>>	2	2	1	
102	<<><<	2	2	2	
103	>>>>>	1	2	1	
104	>>>>>	2	2	1	
105	<<<<<	1	1	1	
106	<<<<<	1	1	1	
107	<<<<<	1	1	1	
108	<<><<	2	2	2	
109	<<><<	2	2	2	
110	<<<<<	1	1	1	
111	>>>>>	2	2	1	
112	>><>>	2	1	2	
113	<<><<	2	2	2	
114	>><>>	2	1	2	
115	<<<<<	1	1	1	
116	<<><<	2	2	2	
117	<<><<	2	2	2	
118	<<><<	2	2	2	
119	>><>>	1	1	2	
120	<<><<	2	2	2	
121	>><>>	1	1	2	
122	>><>>	1	1	2	
123	>><>>	2	1	2	
124	<<><<	2	2	2	
125	<<<<<	1	1	1	
126	>><>>	1	1	2	
127	>><>>	1	1	2	
128	>><>>	1	1	2	
129	>>>>>	2	2	1	
130	>><>>	1	1	2	
131	<<><<	1	2	2	
132	<<<<<	1	1	1	
133	<<<<<	1	1	1	
134	>>>>>	2	2	1	
135	>>>>>	2	2	1	
136	<<><<	2	2	2	
137	<<><<	2	2	2	
138	<<><<	2	2	2	
139	<<><<	2	2	2	
140	>><>>	1	1	2	
141	>><>>	2	1	2	
142	>><>>	1	1	2	
143	>><>>	1	1	2	
144	>><>>	1	1	2	
145	<<><<	2	2	2	
146	<<<<<	1	1	1	
147	<<><<	2	2	2	
148	>>>>>	2	2	1	
149	<<><<	2	2	2	
150	>>>>>	2	2	1	
