Respuestas
 EFT rapido:
 DE
 Columnas: 
- numero 
- estimulo 
- respuesta: 1izq 2der  
- direc: 1izq 2der  
- congruencia 1:cong 2:incong 

1	>>>>>	2	2	1	
2	>>>>>	2	2	1	
3	>><>>	2	1	2	
4	>>>>>	2	2	1	
5	<<<<<	1	1	1	
6	>><>>	1	1	2	
7	>><>>	1	1	2	
8	>>>>>	2	2	1	
9	>>>>>	2	2	1	
10	<<><<	2	2	2	
11	>>>>>	2	2	1	
12	>><>>	1	1	2	
13	<<<<<	1	1	1	
14	<<<<<	1	1	1	
15	<<<<<	1	1	1	
16	>><>>	2	1	2	
17	>>>>>	2	2	1	
18	<<<<<	1	1	1	
19	>><>>	1	1	2	
20	>>>>>	2	2	1	
21	<<><<	2	2	2	
22	<<<<<	1	1	1	
23	<<><<	2	2	2	
24	>>>>>	2	2	1	
25	<<<<<	1	1	1	
26	<<<<<	1	1	1	
27	>><>>	1	1	2	
28	>><>>	1	1	2	
29	<<<<<	1	1	1	
30	<<<<<	1	1	1	
31	>>>>>	2	2	1	
32	>><>>	1	1	2	
33	>><>>	1	1	2	
34	<<<<<	1	1	1	
35	<<<<<	1	1	1	
36	<<<<<	1	1	1	
37	>>>>>	1	2	1	
38	<<<<<	1	1	1	
39	>>>>>	2	2	1	
40	<<><<	1	2	2	
41	>><>>	1	1	2	
42	<<><<	2	2	2	
43	>>>>>	2	2	1	
44	>>>>>	2	2	1	
45	<<><<	2	2	2	
46	<<><<	1	2	2	
47	<<<<<	1	1	1	
48	<<><<	2	2	2	
49	>>>>>	2	2	1	
50	>>>>>	2	2	1	
51	<<<<<	1	1	1	
52	>>>>>	2	2	1	
53	<<<<<	1	1	1	
54	>>>>>	2	2	1	
55	>>>>>	2	2	1	
56	>><>>	2	1	2	
57	<<<<<	2	1	1	
58	<<<<<	2	1	1	
59	>>>>>	2	2	1	
60	<<<<<	1	1	1	
61	<<><<	1	2	2	
62	>><>>	1	1	2	
63	>><>>	2	1	2	
64	<<><<	2	2	2	
65	<<><<	1	2	2	
66	>>>>>	1	2	1	
67	>>>>>	2	2	1	
68	>>>>>	2	2	1	
69	>><>>	1	1	2	
70	<<><<	1	2	2	
71	<<><<	2	2	2	
72	<<><<	2	2	2	
73	>><>>	1	1	2	
74	<<<<<	1	1	1	
75	>><>>	1	1	2	
76	<<><<	2	2	2	
77	>>>>>	2	2	1	
78	>>>>>	2	2	1	
79	<<><<	2	2	2	
80	<<><<	2	2	2	
81	>><>>	1	1	2	
82	>><>>	1	1	2	
83	<<<<<	1	1	1	
84	<<><<	1	2	2	
85	>>>>>	1	2	1	
86	>><>>	2	1	2	
87	>>>>>	2	2	1	
88	<<><<	1	2	2	
89	<<<<<	2	1	1	
90	<<<<<	1	1	1	
91	<<><<	1	2	2	
92	<<<<<	1	1	1	
93	>>>>>	2	2	1	
94	>>>>>	2	2	1	
95	>><>>	2	1	2	
96	<<<<<	1	1	1	
97	>>>>>	2	2	1	
98	<<><<	1	2	2	
99	>><>>	1	1	2	
100	>>>>>	2	2	1	
101	>><>>	1	1	2	
102	>><>>	1	1	2	
103	>>>>>	2	2	1	
104	<<<<<	1	1	1	
105	<<<<<	1	1	1	
106	<<><<	2	2	2	
107	>><>>	1	1	2	
108	<<<<<	1	1	1	
109	<<><<	2	2	2	
110	>><>>	1	1	2	
111	<<><<	2	2	2	
112	<<<<<	1	1	1	
113	>><>>	2	1	2	
114	>>>>>	2	2	1	
115	<<><<	1	2	2	
116	>><>>	1	1	2	
117	>>>>>	2	2	1	
118	>><>>	1	1	2	
119	>>>>>	2	2	1	
120	>><>>	1	1	2	
121	<<><<	2	2	2	
122	>><>>	1	1	2	
123	<<<<<	1	1	1	
124	<<<<<	1	1	1	
125	<<><<	1	2	2	
126	>>>>>	2	2	1	
127	>>>>>	2	2	1	
128	<<<<<	1	1	1	
129	>><>>	1	1	2	
130	<<<<<	1	1	1	
131	>>>>>	2	2	1	
132	>>>>>	2	2	1	
133	>><>>	1	1	2	
134	<<><<	2	2	2	
135	>>>>>	2	2	1	
136	<<><<	1	2	2	
137	<<><<	2	2	2	
138	>>>>>	2	2	1	
139	>>>>>	2	2	1	
140	>>>>>	2	2	1	
141	<<<<<	2	1	1	
142	<<><<	1	2	2	
143	<<<<<	1	1	1	
144	<<><<	1	2	2	
145	<<<<<	2	1	1	
146	>>>>>	2	2	1	
147	>>>>>	2	2	1	
148	<<<<<	1	1	1	
149	<<<<<	1	1	1	
150	<<><<	2	2	2	
1	>><>>	1	1	2	
2	>><>>	1	1	2	
3	<<<<<	1	1	1	
4	<<<<<	1	1	1	
5	>><>>	2	1	2	
6	<<><<	1	2	2	
7	<<><<	1	2	2	
8	<<><<	1	2	2	
9	>><>>	1	1	2	
10	>>>>>	1	2	1	
11	>><>>	1	1	2	
12	<<<<<	2	1	1	
13	>>>>>	1	2	1	
14	<<><<	1	2	2	
15	<<><<	2	2	2	
16	>>>>>	2	2	1	
17	<<<<<	1	1	1	
18	>>>>>	2	2	1	
19	<<><<	1	2	2	
20	<<><<	1	2	2	
21	>>>>>	2	2	1	
22	>><>>	1	1	2	
23	<<<<<	1	1	1	
24	<<<<<	1	1	1	
25	>>>>>	2	2	1	
26	>>>>>	2	2	1	
27	>>>>>	2	2	1	
28	<<><<	1	2	2	
29	<<<<<	1	1	1	
30	<<<<<	1	1	1	
31	>>>>>	1	2	1	
32	<<><<	1	2	2	
33	>><>>	1	1	2	
34	<<<<<	1	1	1	
35	>><>>	1	1	2	
36	<<<<<	1	1	1	
37	<<><<	1	2	2	
38	<<><<	2	2	2	
39	>><>>	2	1	2	
40	<<><<	1	2	2	
41	<<<<<	1	1	1	
42	>>>>>	2	2	1	
43	>><>>	1	1	2	
44	>><>>	1	1	2	
45	>>>>>	2	2	1	
46	<<<<<	1	1	1	
47	>><>>	1	1	2	
48	>><>>	1	1	2	
49	<<><<	2	2	2	
50	>>>>>	2	2	1	
51	<<<<<	1	1	1	
52	<<><<	1	2	2	
53	>>>>>	2	2	1	
54	<<<<<	1	1	1	
55	>><>>	1	1	2	
56	<<><<	1	2	2	
57	>><>>	1	1	2	
58	<<<<<	1	1	1	
59	>>>>>	2	2	1	
60	>>>>>	2	2	1	
61	>>>>>	2	2	1	
62	<<<<<	1	1	1	
63	<<<<<	1	1	1	
64	>><>>	2	1	2	
65	>><>>	1	1	2	
66	<<><<	1	2	2	
67	>>>>>	2	2	1	
68	<<><<	2	2	2	
69	<<<<<	1	1	1	
70	<<<<<	1	1	1	
71	<<><<	2	2	2	
72	<<><<	2	2	2	
73	<<><<	1	2	2	
74	<<<<<	1	1	1	
75	<<><<	2	2	2	
76	>><>>	1	1	2	
77	>>>>>	2	2	1	
78	<<<<<	1	1	1	
79	>>>>>	2	2	1	
80	<<><<	1	2	2	
81	<<<<<	1	1	1	
82	>><>>	2	1	2	
83	<<><<	2	2	2	
84	>><>>	1	1	2	
85	<<><<	2	2	2	
86	<<<<<	1	1	1	
87	<<><<	2	2	2	
88	<<><<	2	2	2	
89	>>>>>	2	2	1	
90	<<<<<	2	1	1	
91	>><>>	1	1	2	
92	<<><<	2	2	2	
93	<<><<	2	2	2	
94	>><>>	1	1	2	
95	>><>>	1	1	2	
96	>><>>	1	1	2	
97	>>>>>	2	2	1	
98	>>>>>	1	2	1	
99	<<><<	1	2	2	
100	<<<<<	1	1	1	
101	>>>>>	2	2	1	
102	>>>>>	2	2	1	
103	<<<<<	1	1	1	
104	<<<<<	1	1	1	
105	<<<<<	1	1	1	
106	<<><<	1	2	2	
107	>><>>	1	1	2	
108	>><>>	2	1	2	
109	>>>>>	2	2	1	
110	<<<<<	1	1	1	
111	>><>>	2	1	2	
112	<<<<<	1	1	1	
113	>><>>	1	1	2	
114	>><>>	1	1	2	
115	>><>>	1	1	2	
116	>><>>	2	1	2	
117	<<><<	1	2	2	
118	<<<<<	1	1	1	
119	<<<<<	1	1	1	
120	<<<<<	1	1	1	
121	<<><<	1	2	2	
122	>><>>	2	1	2	
123	>><>>	1	1	2	
124	>><>>	1	1	2	
125	<<<<<	1	1	1	
126	>>>>>	2	2	1	
127	>><>>	1	1	2	
128	>><>>	2	1	2	
129	>>>>>	1	2	1	
130	<<><<	1	2	2	
131	<<<<<	2	1	1	
132	<<<<<	1	1	1	
133	<<><<	2	2	2	
134	>><>>	2	1	2	
135	<<<<<	1	1	1	
136	>><>>	1	1	2	
137	<<><<	2	2	2	
138	<<<<<	1	1	1	
139	<<><<	2	2	2	
140	>><>>	1	1	2	
141	>><>>	2	1	2	
142	>><>>	1	1	2	
143	>><>>	1	1	2	
144	<<<<<	1	1	1	
145	<<><<	2	2	2	
146	<<><<	2	2	2	
147	<<><<	2	2	2	
148	<<><<	2	2	2	
149	>>>>>	2	2	1	
150	<<<<<	1	1	1	
