Respuestas
 EFT rapido:
 pgs
 Columnas: 
- numero 
- estimulo 
- respuesta: 1izq 2der  
- direc: 1izq 2der  
- congruencia 1:cong 2:incong 

1	>>>>>	2	2	1	
2	>>>>>	2	2	1	
3	<<><<	1	2	2	
4	<<><<	2	2	2	
5	>>>>>	2	2	1	
6	>>>>>	2	2	1	
7	<<<<<	1	1	1	
8	>>>>>	2	2	1	
9	>><>>	2	1	2	
10	<<><<	2	2	2	
11	<<<<<	1	1	1	
12	>><>>	2	1	2	
13	<<><<	2	2	2	
14	<<<<<	1	1	1	
15	>><>>	1	1	2	
16	>>>>>	1	2	1	
17	<<<<<	1	1	1	
18	>>>>>	2	2	1	
19	>>>>>	2	2	1	
20	<<<<<	1	1	1	
21	>>>>>	1	2	1	
22	>><>>	1	1	2	
23	>>>>>	2	2	1	
24	>><>>	1	1	2	
25	<<<<<	1	1	1	
26	>>>>>	2	2	1	
27	>><>>	1	1	2	
28	<<><<	1	2	2	
29	>>>>>	2	2	1	
30	<<><<	1	2	2	
31	>><>>	1	1	2	
32	<<<<<	1	1	1	
33	>><>>	1	1	2	
34	>>>>>	2	2	1	
35	<<<<<	1	1	1	
36	<<><<	2	2	2	
37	<<<<<	1	1	1	
38	<<<<<	1	1	1	
39	<<><<	2	2	2	
40	>><>>	1	1	2	
41	>>>>>	2	2	1	
42	>><>>	1	1	2	
43	>><>>	2	1	2	
44	>>>>>	2	2	1	
45	>><>>	1	1	2	
46	<<<<<	1	1	1	
47	>>>>>	2	2	1	
48	>><>>	1	1	2	
49	>>>>>	2	2	1	
50	<<><<	1	2	2	
51	<<><<	1	2	2	
52	>>>>>	2	2	1	
53	<<<<<	2	1	1	
54	<<<<<	2	1	1	
55	<<><<	2	2	2	
56	>>>>>	2	2	1	
57	>><>>	2	1	2	
58	>>>>>	1	2	1	
59	>><>>	2	1	2	
60	<<<<<	1	1	1	
61	>>>>>	1	2	1	
62	>><>>	1	1	2	
63	<<<<<	1	1	1	
64	<<<<<	2	1	1	
65	>>>>>	1	2	1	
66	<<<<<	1	1	1	
67	>><>>	1	1	2	
68	<<><<	2	2	2	
69	<<<<<	1	1	1	
70	<<><<	2	2	2	
71	>><>>	2	1	2	
72	<<><<	1	2	2	
73	<<><<	2	2	2	
74	>>>>>	2	2	1	
75	>><>>	2	1	2	
76	<<><<	2	2	2	
77	<<><<	2	2	2	
78	>>>>>	2	2	1	
79	<<><<	2	2	2	
80	>>>>>	2	2	1	
81	>><>>	1	1	2	
82	<<<<<	1	1	1	
83	<<<<<	1	1	1	
84	<<<<<	1	1	1	
85	>><>>	1	1	2	
86	>><>>	1	1	2	
87	<<><<	2	2	2	
88	>>>>>	2	2	1	
89	>><>>	1	1	2	
90	<<<<<	1	1	1	
91	<<><<	2	2	2	
92	>><>>	2	1	2	
93	>>>>>	2	2	1	
94	>>>>>	2	2	1	
95	<<><<	2	2	2	
96	<<<<<	1	1	1	
97	>><>>	2	1	2	
98	>><>>	1	1	2	
99	<<<<<	1	1	1	
100	>>>>>	2	2	1	
101	>>>>>	2	2	1	
102	>><>>	1	1	2	
103	>>>>>	1	2	1	
104	>>>>>	1	2	1	
105	>><>>	1	1	2	
106	<<<<<	1	1	1	
107	>>>>>	2	2	1	
108	>>>>>	2	2	1	
109	>>>>>	2	2	1	
110	<<><<	2	2	2	
111	<<<<<	1	1	1	
112	>><>>	1	1	2	
113	<<><<	2	2	2	
114	<<<<<	1	1	1	
115	<<><<	2	2	2	
116	<<><<	2	2	2	
117	>><>>	1	1	2	
118	<<><<	2	2	2	
119	<<><<	2	2	2	
120	>><>>	1	1	2	
121	>><>>	1	1	2	
122	<<><<	2	2	2	
123	<<><<	2	2	2	
124	<<><<	2	2	2	
125	<<<<<	1	1	1	
126	<<<<<	1	1	1	
127	<<><<	1	2	2	
128	>><>>	2	1	2	
129	>><>>	1	1	2	
130	<<><<	1	2	2	
131	<<<<<	1	1	1	
132	>><>>	2	1	2	
133	<<><<	1	2	2	
134	<<><<	1	2	2	
135	<<><<	2	2	2	
136	<<><<	2	2	2	
137	>>>>>	2	2	1	
138	>>>>>	2	2	1	
139	<<><<	2	2	2	
140	>><>>	2	1	2	
141	<<<<<	1	1	1	
142	>>>>>	2	2	1	
143	>>>>>	2	2	1	
144	<<<<<	1	1	1	
145	>>>>>	2	2	1	
146	<<<<<	1	1	1	
147	>><>>	2	1	2	
148	<<><<	2	2	2	
149	>>>>>	2	2	1	
150	>>>>>	2	2	1	
1	<<><<	2	2	2	
2	>><>>	1	1	2	
3	<<><<	2	2	2	
4	<<<<<	1	1	1	
5	>><>>	2	1	2	
6	>>>>>	2	2	1	
7	<<><<	2	2	2	
8	>><>>	1	1	2	
9	>>>>>	2	2	1	
10	>>>>>	2	2	1	
11	>>>>>	2	2	1	
12	>><>>	1	1	2	
13	>>>>>	2	2	1	
14	<<<<<	1	1	1	
15	<<><<	2	2	2	
16	>>>>>	1	2	1	
17	>><>>	2	1	2	
18	>>>>>	2	2	1	
19	<<><<	2	2	2	
20	<<><<	2	2	2	
21	<<<<<	1	1	1	
22	>><>>	1	1	2	
23	<<<<<	1	1	1	
24	<<<<<	1	1	1	
25	>>>>>	1	2	1	
26	>>>>>	2	2	1	
27	>>>>>	2	2	1	
28	>><>>	2	1	2	
29	<<><<	2	2	2	
30	<<><<	2	2	2	
31	>>>>>	2	2	1	
32	<<<<<	1	1	1	
33	>>>>>	2	2	1	
34	<<<<<	1	1	1	
35	<<<<<	2	1	1	
36	<<><<	2	2	2	
37	>><>>	1	1	2	
38	>>>>>	2	2	1	
39	<<<<<	1	1	1	
40	>><>>	1	1	2	
41	<<<<<	1	1	1	
42	>><>>	1	1	2	
43	>>>>>	2	2	1	
44	>>>>>	2	2	1	
45	<<<<<	1	1	1	
46	>><>>	1	1	2	
47	<<><<	2	2	2	
48	>><>>	1	1	2	
49	<<><<	1	2	2	
50	>><>>	1	1	2	
51	>>>>>	2	2	1	
52	<<<<<	1	1	1	
53	<<><<	1	2	2	
54	>>>>>	2	2	1	
55	>>>>>	2	2	1	
56	>><>>	2	1	2	
57	>><>>	1	1	2	
58	>>>>>	2	2	1	
59	>>>>>	2	2	1	
60	>><>>	1	1	2	
61	<<><<	2	2	2	
62	<<<<<	2	1	1	
63	<<<<<	1	1	1	
64	>><>>	1	1	2	
65	<<<<<	1	1	1	
66	>>>>>	1	2	1	
67	<<<<<	1	1	1	
68	>>>>>	2	2	1	
69	>>>>>	1	2	1	
70	<<<<<	1	1	1	
71	<<<<<	1	1	1	
72	<<><<	1	2	2	
73	<<><<	1	2	2	
74	>><>>	1	1	2	
75	<<<<<	1	1	1	
76	<<><<	1	2	2	
77	>><>>	1	1	2	
78	<<><<	2	2	2	
79	<<><<	2	2	2	
80	<<><<	2	2	2	
81	<<<<<	1	1	1	
82	<<<<<	1	1	1	
83	>>>>>	2	2	1	
84	<<><<	1	2	2	
85	<<><<	2	2	2	
86	<<><<	2	2	2	
87	>>>>>	2	2	1	
88	<<><<	2	2	2	
89	>><>>	1	1	2	
90	>><>>	1	1	2	
91	<<<<<	1	1	1	
92	>>>>>	1	2	1	
93	<<><<	1	2	2	
94	<<<<<	1	1	1	
95	<<><<	2	2	2	
96	>><>>	2	1	2	
97	<<><<	2	2	2	
98	>>>>>	2	2	1	
99	<<><<	2	2	2	
100	<<><<	2	2	2	
101	>>>>>	2	2	1	
102	<<><<	2	2	2	
103	>><>>	1	1	2	
104	<<<<<	1	1	1	
105	>>>>>	2	2	1	
106	<<><<	2	2	2	
107	>>>>>	2	2	1	
108	>><>>	1	1	2	
109	<<><<	2	2	2	
110	<<><<	2	2	2	
111	<<><<	2	2	2	
112	>>>>>	2	2	1	
113	>><>>	1	1	2	
114	>>>>>	2	2	1	
115	>>>>>	2	2	1	
116	>><>>	1	1	2	
117	>>>>>	2	2	1	
118	>><>>	1	1	2	
119	>><>>	2	1	2	
120	<<><<	2	2	2	
121	>>>>>	2	2	1	
122	<<><<	2	2	2	
123	<<><<	2	2	2	
124	>>>>>	2	2	1	
125	>><>>	1	1	2	
126	<<><<	2	2	2	
127	<<><<	2	2	2	
128	<<><<	2	2	2	
129	>>>>>	2	2	1	
130	<<<<<	1	1	1	
131	<<<<<	1	1	1	
132	>><>>	1	1	2	
133	>>>>>	2	2	1	
134	>><>>	1	1	2	
135	<<<<<	1	1	1	
136	<<><<	2	2	2	
137	<<><<	2	2	2	
138	>>>>>	2	2	1	
139	<<><<	2	2	2	
140	>>>>>	2	2	1	
141	>>>>>	2	2	1	
142	<<<<<	1	1	1	
143	<<<<<	1	1	1	
144	>>>>>	2	2	1	
145	>><>>	1	1	2	
146	>><>>	1	1	2	
147	>>>>>	2	2	1	
148	>>>>>	2	2	1	
149	>>>>>	2	2	1	
150	>>>>>	2	2	1	
