Respuestas
 EFT lento :
 pgs
 Columnas: 
- numero 
- estimulo 
- respuesta: 1izq 2der  
- direc: 1izq 2der  
- congruencia 1:cong 2:incong 

1	<<><<	2	2	2	
2	<<<<<	1	1	1	
3	>>>>>	2	2	1	
4	<<<<<	1	1	1	
5	<<><<	2	2	2	
6	<<<<<	1	1	1	
7	<<><<	2	2	2	
8	<<><<	2	2	2	
9	<<><<	2	2	2	
10	>><>>	2	1	2	
11	>><>>	1	1	2	
12	>>>>>	2	2	1	
13	<<<<<	1	1	1	
14	<<<<<	1	1	1	
15	>>>>>	2	2	1	
16	<<<<<	1	1	1	
17	>>>>>	2	2	1	
18	>><>>	2	1	2	
19	>><>>	1	1	2	
20	<<><<	2	2	2	
21	>><>>	1	1	2	
22	>><>>	1	1	2	
23	>>>>>	2	2	1	
24	<<><<	2	2	2	
25	>><>>	1	1	2	
26	>>>>>	2	2	1	
27	<<><<	2	2	2	
28	<<><<	2	2	2	
29	>>>>>	2	2	1	
30	>>>>>	2	2	1	
31	<<<<<	1	1	1	
32	>><>>	1	1	2	
33	>><>>	1	1	2	
34	>><>>	1	1	2	
35	<<<<<	1	1	1	
36	<<><<	2	2	2	
37	<<<<<	1	1	1	
38	<<<<<	1	1	1	
39	>>>>>	2	2	1	
40	>><>>	1	1	2	
41	>><>>	1	1	2	
42	<<<<<	1	1	1	
43	>>>>>	2	2	1	
44	>><>>	1	1	2	
45	>>>>>	2	2	1	
46	<<><<	1	2	2	
47	>>>>>	2	2	1	
48	<<><<	2	2	2	
49	>><>>	1	1	2	
50	<<<<<	1	1	1	
51	<<><<	2	2	2	
52	<<><<	1	2	2	
53	<<><<	2	2	2	
54	>>>>>	2	2	1	
55	<<><<	2	2	2	
56	>><>>	1	1	2	
57	<<><<	2	2	2	
58	<<><<	2	2	2	
59	<<><<	2	2	2	
60	>>>>>	2	2	1	
61	>>>>>	2	2	1	
62	<<<<<	1	1	1	
63	<<><<	1	2	2	
64	>><>>	1	1	2	
65	<<><<	2	2	2	
66	<<<<<	1	1	1	
67	>>>>>	2	2	1	
68	>><>>	2	1	2	
69	>>>>>	2	2	1	
70	>><>>	1	1	2	
71	>>>>>	2	2	1	
72	>>>>>	2	2	1	
73	<<><<	2	2	2	
74	<<<<<	1	1	1	
75	>><>>	1	1	2	
76	>><>>	2	1	2	
77	<<><<	2	2	2	
78	>><>>	1	1	2	
79	<<<<<	2	1	1	
80	>><>>	2	1	2	
81	<<><<	2	2	2	
82	<<><<	1	2	2	
83	>>>>>	2	2	1	
84	>>>>>	2	2	1	
85	<<><<	2	2	2	
86	>>>>>	1	2	1	
87	<<><<	1	2	2	
88	>>>>>	2	2	1	
89	>><>>	1	1	2	
90	<<<<<	1	1	1	
91	<<<<<	1	1	1	
92	<<<<<	1	1	1	
93	<<<<<	1	1	1	
94	>><>>	1	1	2	
95	<<<<<	1	1	1	
96	<<><<	2	2	2	
97	>><>>	1	1	2	
98	<<><<	2	2	2	
99	<<<<<	1	1	1	
100	>>>>>	2	2	1	
101	>><>>	1	1	2	
102	<<><<	2	2	2	
103	<<<<<	1	1	1	
104	>><>>	1	1	2	
105	<<><<	2	2	2	
106	<<<<<	1	1	1	
107	>>>>>	2	2	1	
108	>>>>>	1	2	1	
109	<<<<<	1	1	1	
110	>><>>	1	1	2	
111	>><>>	1	1	2	
112	>><>>	1	1	2	
113	<<<<<	1	1	1	
114	<<><<	2	2	2	
115	>><>>	1	1	2	
116	>><>>	2	1	2	
117	<<><<	1	2	2	
118	>>>>>	2	2	1	
119	>><>>	2	1	2	
120	>><>>	1	1	2	
121	<<><<	1	2	2	
122	<<<<<	1	1	1	
123	<<><<	1	2	2	
124	<<<<<	2	1	1	
125	>>>>>	2	2	1	
126	<<<<<	1	1	1	
127	>><>>	1	1	2	
128	<<<<<	1	1	1	
129	<<<<<	2	1	1	
130	>><>>	2	1	2	
131	>><>>	1	1	2	
132	>>>>>	2	2	1	
133	<<><<	2	2	2	
134	<<<<<	1	1	1	
135	<<<<<	1	1	1	
136	<<><<	2	2	2	
137	>>>>>	2	2	1	
138	<<><<	2	2	2	
139	<<><<	2	2	2	
140	<<><<	2	2	2	
141	>>>>>	2	2	1	
142	>>>>>	2	2	1	
143	<<<<<	1	1	1	
144	<<<<<	1	1	1	
145	<<<<<	1	1	1	
146	<<><<	1	2	2	
147	>><>>	2	1	2	
148	>>>>>	2	2	1	
149	>>>>>	2	2	1	
150	>>>>>	2	2	1	
1	>>>>>	2	2	1	
2	>><>>	2	1	2	
3	<<><<	2	2	2	
4	<<><<	1	2	2	
5	<<<<<	1	1	1	
6	>>>>>	2	2	1	
7	<<><<	1	2	2	
8	>><>>	2	1	2	
9	<<<<<	2	1	1	
10	>>>>>	2	2	1	
11	<<><<	1	2	2	
12	<<><<	2	2	2	
13	<<><<	2	2	2	
14	>>>>>	1	2	1	
15	>>>>>	2	2	1	
16	<<><<	2	2	2	
17	<<><<	2	2	2	
18	<<<<<	2	1	1	
19	>><>>	2	1	2	
20	<<<<<	1	1	1	
21	>><>>	2	1	2	
22	<<<<<	1	1	1	
23	<<<<<	1	1	1	
24	<<><<	2	2	2	
25	>>>>>	2	2	1	
26	<<<<<	1	1	1	
27	>>>>>	2	2	1	
28	>><>>	2	1	2	
29	>><>>	1	1	2	
30	<<><<	2	2	2	
31	>>>>>	2	2	1	
32	>>>>>	2	2	1	
33	<<><<	2	2	2	
34	>>>>>	2	2	1	
35	<<<<<	1	1	1	
36	<<<<<	1	1	1	
37	>><>>	2	1	2	
38	<<><<	2	2	2	
39	<<><<	2	2	2	
40	>><>>	1	1	2	
41	<<<<<	1	1	1	
42	>><>>	1	1	2	
43	<<><<	2	2	2	
44	>><>>	1	1	2	
45	<<><<	2	2	2	
46	<<><<	2	2	2	
47	<<><<	2	2	2	
48	>>>>>	2	2	1	
49	<<<<<	1	1	1	
50	>><>>	2	1	2	
51	<<><<	2	2	2	
52	<<><<	2	2	2	
53	>><>>	1	1	2	
54	>>>>>	2	2	1	
55	<<><<	2	2	2	
56	>>>>>	2	2	1	
57	>><>>	1	1	2	
58	>>>>>	2	2	1	
59	>><>>	2	1	2	
60	<<<<<	1	1	1	
61	>>>>>	2	2	1	
62	>><>>	1	1	2	
63	<<<<<	1	1	1	
64	>><>>	1	1	2	
65	>><>>	1	1	2	
66	>><>>	1	1	2	
67	>><>>	1	1	2	
68	<<<<<	1	1	1	
69	<<><<	2	2	2	
70	>><>>	1	1	2	
71	<<<<<	1	1	1	
72	<<<<<	1	1	1	
73	<<<<<	1	1	1	
74	>>>>>	2	2	1	
75	>>>>>	2	2	1	
76	<<><<	2	2	2	
77	>><>>	1	1	2	
78	>>>>>	2	2	1	
79	>><>>	1	1	2	
80	<<<<<	1	1	1	
81	>>>>>	2	2	1	
82	<<><<	2	2	2	
83	<<<<<	1	1	1	
84	>><>>	2	1	2	
85	<<><<	2	2	2	
86	<<<<<	1	1	1	
87	>><>>	1	1	2	
88	>>>>>	2	2	1	
89	<<<<<	1	1	1	
90	<<><<	2	2	2	
91	>>>>>	2	2	1	
92	>><>>	1	1	2	
93	>><>>	1	1	2	
94	<<<<<	1	1	1	
95	<<<<<	1	1	1	
96	<<<<<	1	1	1	
97	>><>>	1	1	2	
98	<<<<<	1	1	1	
99	<<><<	2	2	2	
100	>><>>	1	1	2	
101	<<><<	1	2	2	
102	<<<<<	1	1	1	
103	<<<<<	1	1	1	
104	>><>>	1	1	2	
105	>><>>	2	1	2	
106	<<><<	2	2	2	
107	<<><<	2	2	2	
108	>>>>>	2	2	1	
109	<<<<<	1	1	1	
110	>><>>	1	1	2	
111	>><>>	1	1	2	
112	<<<<<	1	1	1	
113	<<><<	1	2	2	
114	>>>>>	2	2	1	
115	<<><<	2	2	2	
116	<<><<	2	2	2	
117	>>>>>	2	2	1	
118	<<<<<	1	1	1	
119	<<><<	2	2	2	
120	<<<<<	2	1	1	
121	>><>>	2	1	2	
122	>>>>>	2	2	1	
123	<<><<	2	2	2	
124	>><>>	2	1	2	
125	>>>>>	2	2	1	
126	>>>>>	1	2	1	
127	<<><<	2	2	2	
128	>><>>	1	1	2	
129	>>>>>	2	2	1	
130	>><>>	1	1	2	
131	>><>>	1	1	2	
132	>><>>	1	1	2	
133	>>>>>	2	2	1	
134	>><>>	1	1	2	
135	>>>>>	2	2	1	
136	<<><<	2	2	2	
137	<<><<	2	2	2	
138	<<><<	2	2	2	
139	>>>>>	2	2	1	
140	>>>>>	2	2	1	
141	<<<<<	1	1	1	
142	<<><<	2	2	2	
143	<<><<	2	2	2	
144	>><>>	2	1	2	
145	>>>>>	2	2	1	
146	>><>>	1	1	2	
147	>><>>	1	1	2	
148	<<><<	2	2	2	
149	>><>>	2	1	2	
150	<<<<<	1	1	1	
