Respuestas
 EFT rapido:
 DC
 Columnas: 
- numero 
- estimulo 
- respuesta: 1izq 2der  
- direc: 1izq 2der  
- congruencia 1:cong 2:incong 

1	>>>>>	2	2	1	
2	<<><<	1	2	2	
3	>><>>	1	1	2	
4	>><>>	1	1	2	
5	<<><<	2	2	2	
6	>><>>	1	1	2	
7	>><>>	1	1	2	
8	<<<<<	1	1	1	
9	<<><<	2	2	2	
10	>><>>	1	1	2	
11	<<<<<	1	1	1	
12	>><>>	1	1	2	
13	<<<<<	1	1	1	
14	<<<<<	1	1	1	
15	<<><<	2	2	2	
16	<<<<<	1	1	1	
17	<<<<<	1	1	1	
18	<<><<	2	2	2	
19	>>>>>	1	2	1	
20	<<<<<	1	1	1	
21	>><>>	1	1	2	
22	>><>>	1	1	2	
23	<<<<<	1	1	1	
24	>>>>>	2	2	1	
25	<<<<<	1	1	1	
26	>><>>	2	1	2	
27	<<<<<	1	1	1	
28	>>>>>	2	2	1	
29	<<><<	2	2	2	
30	<<><<	2	2	2	
31	<<><<	2	2	2	
32	<<><<	2	2	2	
33	>><>>	1	1	2	
34	<<><<	1	2	2	
35	>>>>>	2	2	1	
36	>>>>>	2	2	1	
37	<<<<<	1	1	1	
38	>><>>	1	1	2	
39	<<><<	1	2	2	
40	>><>>	2	1	2	
41	<<<<<	1	1	1	
42	>>>>>	2	2	1	
43	>><>>	1	1	2	
44	<<<<<	1	1	1	
45	<<<<<	1	1	1	
46	>><>>	1	1	2	
47	<<><<	2	2	2	
48	>>>>>	2	2	1	
49	<<><<	2	2	2	
50	<<><<	2	2	2	
51	<<><<	2	2	2	
52	>>>>>	2	2	1	
53	>><>>	1	1	2	
54	>>>>>	2	2	1	
55	<<<<<	1	1	1	
56	>><>>	1	1	2	
57	<<<<<	1	1	1	
58	>><>>	1	1	2	
59	>><>>	1	1	2	
60	<<><<	2	2	2	
61	<<<<<	1	1	1	
62	>>>>>	2	2	1	
63	<<<<<	1	1	1	
64	<<<<<	1	1	1	
65	>><>>	2	1	2	
66	<<><<	1	2	2	
67	>>>>>	1	2	1	
68	>>>>>	2	2	1	
69	<<><<	2	2	2	
70	<<<<<	1	1	1	
71	<<<<<	1	1	1	
72	<<><<	2	2	2	
73	>>>>>	2	2	1	
74	>><>>	1	1	2	
75	>>>>>	2	2	1	
76	>>>>>	2	2	1	
77	>><>>	1	1	2	
78	<<<<<	1	1	1	
79	>>>>>	2	2	1	
80	<<<<<	1	1	1	
81	>><>>	1	1	2	
82	>>>>>	2	2	1	
83	<<><<	2	2	2	
84	<<<<<	1	1	1	
85	<<><<	2	2	2	
86	<<><<	1	2	2	
87	<<><<	2	2	2	
88	>>>>>	2	2	1	
89	>><>>	1	1	2	
90	<<><<	2	2	2	
91	<<><<	2	2	2	
92	<<<<<	1	1	1	
93	<<<<<	1	1	1	
94	>>>>>	1	2	1	
95	<<><<	1	2	2	
96	<<><<	2	2	2	
97	<<><<	2	2	2	
98	<<><<	2	2	2	
99	<<<<<	2	1	1	
100	<<><<	1	2	2	
101	<<<<<	1	1	1	
102	>><>>	1	1	2	
103	>><>>	1	1	2	
104	>>>>>	2	2	1	
105	<<><<	2	2	2	
106	<<<<<	1	1	1	
107	<<><<	2	2	2	
108	>>>>>	2	2	1	
109	>>>>>	2	2	1	
110	>>>>>	2	2	1	
111	<<<<<	1	1	1	
112	>><>>	1	1	2	
113	>><>>	1	1	2	
114	<<<<<	1	1	1	
115	>><>>	1	1	2	
116	<<<<<	1	1	1	
117	<<><<	2	2	2	
118	>><>>	1	1	2	
119	>>>>>	2	2	1	
120	<<<<<	1	1	1	
121	>><>>	2	1	2	
122	<<><<	2	2	2	
123	<<<<<	1	1	1	
124	<<><<	2	2	2	
125	<<<<<	1	1	1	
126	>>>>>	2	2	1	
127	>>>>>	2	2	1	
128	<<<<<	2	1	1	
129	>>>>>	2	2	1	
130	>><>>	2	1	2	
131	>>>>>	2	2	1	
132	>><>>	1	1	2	
133	<<<<<	2	1	1	
134	<<><<	2	2	2	
135	<<<<<	1	1	1	
136	>>>>>	2	2	1	
137	<<<<<	1	1	1	
138	<<<<<	1	1	1	
139	<<><<	2	2	2	
140	<<><<	2	2	2	
141	>>>>>	2	2	1	
142	<<<<<	1	1	1	
143	>>>>>	2	2	1	
144	<<<<<	1	1	1	
145	>><>>	2	1	2	
146	<<<<<	2	1	1	
147	>><>>	2	1	2	
148	>><>>	2	1	2	
149	<<><<	2	2	2	
150	>>>>>	2	2	1	
1	>><>>	2	1	2	
2	<<><<	2	2	2	
3	>>>>>	2	2	1	
4	>><>>	1	1	2	
5	>>>>>	2	2	1	
6	>><>>	1	1	2	
7	<<><<	2	2	2	
8	>>>>>	2	2	1	
9	<<><<	1	2	2	
10	>><>>	1	1	2	
11	<<<<<	1	1	1	
12	>>>>>	2	2	1	
13	>><>>	1	1	2	
14	>>>>>	2	2	1	
15	>>>>>	2	2	1	
16	>>>>>	2	2	1	
17	>>>>>	2	2	1	
18	>>>>>	2	2	1	
19	>>>>>	2	2	1	
20	>>>>>	2	2	1	
21	>><>>	2	1	2	
22	<<><<	1	2	2	
23	<<<<<	2	1	1	
24	<<><<	2	2	2	
25	<<<<<	1	1	1	
26	<<><<	2	2	2	
27	<<<<<	1	1	1	
28	<<<<<	1	1	1	
29	>><>>	2	1	2	
30	>><>>	1	1	2	
31	>><>>	1	1	2	
32	<<<<<	1	1	1	
33	>><>>	1	1	2	
34	<<<<<	1	1	1	
35	<<><<	2	2	2	
36	>><>>	2	1	2	
37	<<><<	2	2	2	
38	<<><<	2	2	2	
39	<<><<	2	2	2	
40	<<<<<	2	1	1	
41	<<<<<	1	1	1	
42	<<<<<	1	1	1	
43	>><>>	1	1	2	
44	<<><<	2	2	2	
45	<<<<<	1	1	1	
46	<<<<<	1	1	1	
47	>>>>>	2	2	1	
48	<<><<	2	2	2	
49	<<<<<	1	1	1	
50	>>>>>	2	2	1	
51	>><>>	1	1	2	
52	<<<<<	1	1	1	
53	<<><<	2	2	2	
54	>>>>>	1	2	1	
55	<<<<<	1	1	1	
56	>><>>	2	1	2	
57	<<><<	2	2	2	
58	<<<<<	1	1	1	
59	<<><<	2	2	2	
60	>>>>>	2	2	1	
61	<<<<<	1	1	1	
62	<<><<	2	2	2	
63	<<><<	2	2	2	
64	>>>>>	2	2	1	
65	<<<<<	1	1	1	
66	<<><<	1	2	2	
67	>>>>>	2	2	1	
68	>>>>>	2	2	1	
69	>><>>	1	1	2	
70	<<<<<	1	1	1	
71	>><>>	1	1	2	
72	<<<<<	1	1	1	
73	>><>>	1	1	2	
74	<<><<	2	2	2	
75	>>>>>	2	2	1	
76	<<><<	2	2	2	
77	>>>>>	2	2	1	
78	>>>>>	2	2	1	
79	<<<<<	2	1	1	
80	<<<<<	1	1	1	
81	>>>>>	1	2	1	
82	<<<<<	2	1	1	
83	>><>>	2	1	2	
84	<<><<	2	2	2	
85	<<<<<	1	1	1	
86	>><>>	2	1	2	
87	<<><<	1	2	2	
88	<<<<<	1	1	1	
89	<<><<	1	2	2	
90	>>>>>	1	2	1	
91	<<<<<	1	1	1	
92	<<><<	2	2	2	
93	<<><<	2	2	2	
94	>><>>	1	1	2	
95	>><>>	1	1	2	
96	>><>>	1	1	2	
97	>><>>	1	1	2	
98	>>>>>	2	2	1	
99	<<<<<	1	1	1	
100	>>>>>	2	2	1	
101	>>>>>	2	2	1	
102	>><>>	1	1	2	
103	>><>>	1	1	2	
104	>><>>	1	1	2	
105	>>>>>	1	2	1	
106	<<><<	1	2	2	
107	<<<<<	1	1	1	
108	<<<<<	1	1	1	
109	>>>>>	2	2	1	
110	<<><<	2	2	2	
111	>>>>>	2	2	1	
112	<<><<	2	2	2	
113	<<><<	2	2	2	
114	>><>>	2	1	2	
115	<<><<	1	2	2	
116	<<<<<	1	1	1	
117	<<><<	2	2	2	
118	>><>>	1	1	2	
119	>><>>	1	1	2	
120	>><>>	1	1	2	
121	<<<<<	1	1	1	
122	>><>>	1	1	2	
123	>>>>>	2	2	1	
124	<<><<	2	2	2	
125	<<><<	2	2	2	
126	>>>>>	2	2	1	
127	>><>>	2	1	2	
128	>><>>	2	1	2	
129	<<<<<	1	1	1	
130	<<<<<	1	1	1	
131	<<<<<	1	1	1	
132	>><>>	1	1	2	
133	<<><<	2	2	2	
134	>><>>	2	1	2	
135	<<><<	2	2	2	
136	>><>>	1	1	2	
137	<<><<	2	2	2	
138	<<<<<	2	1	1	
139	<<<<<	1	1	1	
140	>>>>>	2	2	1	
141	<<<<<	1	1	1	
142	>><>>	2	1	2	
143	<<<<<	1	1	1	
144	<<<<<	1	1	1	
145	>><>>	1	1	2	
146	<<<<<	1	1	1	
147	<<><<	1	2	2	
148	>><>>	1	1	2	
149	>>>>>	1	2	1	
150	>><>>	1	1	2	
