Respuestas
 EFT lento :
 DC
 Columnas: 
- numero 
- estimulo 
- respuesta: 1izq 2der  
- direc: 1izq 2der  
- congruencia 1:cong 2:incong 

1	>><>>	0	1	2	
2	>><>>	1	1	2	
3	>>>>>	2	2	1	
4	>>>>>	2	2	1	
5	>>>>>	2	2	1	
6	>>>>>	2	2	1	
7	>><>>	1	1	2	
8	<<><<	1	2	2	
9	>><>>	2	1	2	
10	>>>>>	2	2	1	
11	>><>>	2	1	2	
12	>><>>	2	1	2	
13	>><>>	1	1	2	
14	<<<<<	1	1	1	
15	>>>>>	2	2	1	
16	>>>>>	2	2	1	
17	<<><<	2	2	2	
18	>>>>>	2	2	1	
19	<<><<	2	2	2	
20	>><>>	1	1	2	
21	<<><<	2	2	2	
22	>>>>>	2	2	1	
23	>>>>>	2	2	1	
24	>>>>>	2	2	1	
25	>><>>	2	1	2	
26	<<><<	2	2	2	
27	<<><<	2	2	2	
28	>>>>>	2	2	1	
29	>>>>>	2	2	1	
30	>><>>	1	1	2	
31	<<><<	2	2	2	
32	<<><<	1	2	2	
33	>>>>>	2	2	1	
34	>>>>>	2	2	1	
35	>><>>	1	1	2	
36	<<><<	1	2	2	
37	>><>>	1	1	2	
38	<<<<<	1	1	1	
39	>><>>	1	1	2	
40	>>>>>	2	2	1	
41	>>>>>	2	2	1	
42	<<<<<	1	1	1	
43	<<<<<	1	1	1	
44	<<><<	2	2	2	
45	>><>>	2	1	2	
46	<<><<	2	2	2	
47	<<><<	2	2	2	
48	>><>>	2	1	2	
49	>>>>>	2	2	1	
50	<<<<<	1	1	1	
51	>>>>>	2	2	1	
52	<<<<<	1	1	1	
53	<<<<<	1	1	1	
54	>><>>	2	1	2	
55	<<<<<	1	1	1	
56	>><>>	1	1	2	
57	>><>>	1	1	2	
58	<<><<	2	2	2	
59	<<><<	1	2	2	
60	<<><<	2	2	2	
61	<<><<	2	2	2	
62	<<><<	2	2	2	
63	<<<<<	1	1	1	
64	>>>>>	2	2	1	
65	>><>>	2	1	2	
66	<<<<<	1	1	1	
67	<<<<<	1	1	1	
68	<<<<<	1	1	1	
69	>>>>>	2	2	1	
70	>><>>	2	1	2	
71	<<<<<	1	1	1	
72	>>>>>	2	2	1	
73	>><>>	2	1	2	
74	>><>>	2	1	2	
75	>>>>>	2	2	1	
76	<<><<	1	2	2	
77	<<<<<	1	1	1	
78	<<><<	2	2	2	
79	>><>>	1	1	2	
80	<<<<<	1	1	1	
81	>><>>	1	1	2	
82	>>>>>	2	2	1	
83	<<><<	1	2	2	
84	<<<<<	1	1	1	
85	<<<<<	1	1	1	
86	>><>>	1	1	2	
87	<<<<<	1	1	1	
88	<<<<<	1	1	1	
89	<<<<<	1	1	1	
90	<<<<<	1	1	1	
91	>>>>>	2	2	1	
92	<<><<	2	2	2	
93	<<<<<	1	1	1	
94	<<<<<	1	1	1	
95	>>>>>	2	2	1	
96	<<><<	2	2	2	
97	>><>>	2	1	2	
98	<<<<<	1	1	1	
99	<<><<	2	2	2	
100	>>>>>	2	2	1	
101	<<<<<	1	1	1	
102	<<><<	2	2	2	
103	<<><<	2	2	2	
104	<<><<	2	2	2	
105	>>>>>	2	2	1	
106	>>>>>	2	2	1	
107	>>>>>	2	2	1	
108	<<<<<	2	1	1	
109	>>>>>	2	2	1	
110	<<><<	1	2	2	
111	<<<<<	1	1	1	
112	>>>>>	2	2	1	
113	<<><<	2	2	2	
114	<<><<	2	2	2	
115	<<<<<	1	1	1	
116	<<<<<	1	1	1	
117	>>>>>	2	2	1	
118	<<><<	2	2	2	
119	<<<<<	1	1	1	
120	<<><<	2	2	2	
121	>>>>>	2	2	1	
122	>>>>>	2	2	1	
123	<<><<	2	2	2	
124	>><>>	2	1	2	
125	<<<<<	1	1	1	
126	<<<<<	1	1	1	
127	<<><<	2	2	2	
128	<<<<<	2	1	1	
129	>><>>	1	1	2	
130	<<><<	2	2	2	
131	<<><<	2	2	2	
132	>><>>	2	1	2	
133	>>>>>	2	2	1	
134	>>>>>	2	2	1	
135	>><>>	1	1	2	
136	>><>>	1	1	2	
137	>>>>>	2	2	1	
138	>>>>>	2	2	1	
139	>>>>>	2	2	1	
140	>>>>>	2	2	1	
141	<<><<	2	2	2	
142	<<><<	2	2	2	
143	>>>>>	2	2	1	
144	<<><<	2	2	2	
145	>>>>>	2	2	1	
146	>>>>>	2	2	1	
147	>><>>	1	1	2	
148	>><>>	1	1	2	
149	<<><<	1	2	2	
150	>>>>>	2	2	1	
1	<<><<	1	2	2	
2	<<><<	2	2	2	
3	<<<<<	2	1	1	
4	<<<<<	1	1	1	
5	>>>>>	2	2	1	
6	>><>>	2	1	2	
7	<<><<	2	2	2	
8	>><>>	2	1	2	
9	>><>>	1	1	2	
10	<<<<<	1	1	1	
11	<<><<	1	2	2	
12	<<><<	2	2	2	
13	<<<<<	1	1	1	
14	>><>>	2	1	2	
15	>>>>>	2	2	1	
16	>>>>>	2	2	1	
17	>>>>>	2	2	1	
18	<<<<<	1	1	1	
19	>><>>	1	1	2	
20	<<><<	1	2	2	
21	>><>>	1	1	2	
22	>>>>>	2	2	1	
23	>><>>	1	1	2	
24	>><>>	1	1	2	
25	<<><<	2	2	2	
26	>><>>	2	1	2	
27	>><>>	1	1	2	
28	<<<<<	1	1	1	
29	>><>>	1	1	2	
30	>>>>>	2	2	1	
31	<<><<	1	2	2	
32	>>>>>	2	2	1	
33	<<<<<	1	1	1	
34	>>>>>	2	2	1	
35	<<><<	2	2	2	
36	>>>>>	2	2	1	
37	<<><<	1	2	2	
38	<<<<<	1	1	1	
39	<<><<	2	2	2	
40	<<<<<	1	1	1	
41	>>>>>	2	2	1	
42	<<<<<	1	1	1	
43	<<<<<	1	1	1	
44	<<><<	2	2	2	
45	>><>>	2	1	2	
46	<<<<<	1	1	1	
47	>><>>	1	1	2	
48	>><>>	1	1	2	
49	>><>>	1	1	2	
50	<<<<<	1	1	1	
51	<<><<	1	2	2	
52	>><>>	1	1	2	
53	<<<<<	1	1	1	
54	>>>>>	2	2	1	
55	<<><<	2	2	2	
56	<<><<	2	2	2	
57	>>>>>	2	2	1	
58	<<<<<	1	1	1	
59	<<<<<	1	1	1	
60	>>>>>	2	2	1	
61	>>>>>	2	2	1	
62	<<><<	2	2	2	
63	<<><<	2	2	2	
64	>>>>>	2	2	1	
65	>><>>	2	1	2	
66	<<><<	2	2	2	
67	>>>>>	2	2	1	
68	>>>>>	2	2	1	
69	>><>>	2	1	2	
70	<<<<<	1	1	1	
71	<<><<	2	2	2	
72	>><>>	2	1	2	
73	<<<<<	1	1	1	
74	<<><<	2	2	2	
75	<<><<	2	2	2	
76	>>>>>	2	2	1	
77	<<><<	2	2	2	
78	>><>>	1	1	2	
79	<<<<<	1	1	1	
80	>><>>	1	1	2	
81	<<><<	2	2	2	
82	<<><<	2	2	2	
83	<<><<	2	2	2	
84	<<<<<	2	1	1	
85	<<<<<	1	1	1	
86	>>>>>	2	2	1	
87	>>>>>	2	2	1	
88	>>>>>	2	2	1	
89	<<><<	1	2	2	
90	>>>>>	2	2	1	
91	>><>>	2	1	2	
92	<<<<<	1	1	1	
93	>>>>>	2	2	1	
94	>>>>>	2	2	1	
95	<<><<	2	2	2	
96	>><>>	1	1	2	
97	<<><<	2	2	2	
98	<<><<	2	2	2	
99	>><>>	1	1	2	
100	<<><<	1	2	2	
101	<<<<<	1	1	1	
102	<<><<	2	2	2	
103	<<<<<	1	1	1	
104	>>>>>	1	2	1	
105	>><>>	1	1	2	
106	<<><<	2	2	2	
107	>><>>	1	1	2	
108	>><>>	1	1	2	
109	>><>>	1	1	2	
110	>><>>	1	1	2	
111	>>>>>	2	2	1	
112	<<><<	2	2	2	
113	<<<<<	1	1	1	
114	<<<<<	1	1	1	
115	>><>>	1	1	2	
116	>>>>>	2	2	1	
117	<<><<	1	2	2	
118	>><>>	1	1	2	
119	<<><<	2	2	2	
120	<<><<	2	2	2	
121	<<><<	1	2	2	
122	<<><<	2	2	2	
123	>>>>>	2	2	1	
124	<<><<	2	2	2	
125	>>>>>	2	2	1	
126	>><>>	2	1	2	
127	<<<<<	1	1	1	
128	<<><<	2	2	2	
129	>><>>	1	1	2	
130	>><>>	1	1	2	
131	<<<<<	1	1	1	
132	>><>>	1	1	2	
133	<<<<<	1	1	1	
134	>>>>>	2	2	1	
135	>>>>>	2	2	1	
136	<<><<	2	2	2	
137	>>>>>	2	2	1	
138	<<<<<	1	1	1	
139	>>>>>	2	2	1	
140	<<><<	2	2	2	
141	>>>>>	2	2	1	
142	>>>>>	2	2	1	
143	>><>>	2	1	2	
144	<<><<	2	2	2	
145	>><>>	2	1	2	
146	<<<<<	1	1	1	
147	<<><<	2	2	2	
148	>><>>	1	1	2	
149	<<<<<	1	1	1	
150	>><>>	1	1	2	
