Respuestas
 EFT rapido:
 JM
 Columnas: 
- numero 
- estimulo 
- respuesta: 1izq 2der  
- direc: 1izq 2der  
- congruencia 1:cong 2:incong 

1	<<><<	1	2	2	
2	<<<<<	1	1	1	
3	>>>>>	2	2	1	
4	<<><<	1	2	2	
5	<<<<<	2	1	1	
6	>><>>	2	1	2	
7	>>>>>	1	2	1	
8	>>>>>	2	2	1	
9	<<<<<	1	1	1	
10	<<<<<	1	1	1	
11	<<><<	1	2	2	
12	>>>>>	2	2	1	
13	>><>>	2	1	2	
14	>><>>	2	1	2	
15	>><>>	2	1	2	
16	>><>>	2	1	2	
17	>>>>>	2	2	1	
18	>>>>>	2	2	1	
19	<<><<	1	2	2	
20	>>>>>	2	2	1	
21	>>>>>	2	2	1	
22	>>>>>	2	2	1	
23	<<><<	1	2	2	
24	>>>>>	2	2	1	
25	<<><<	1	2	2	
26	<<><<	2	2	2	
27	<<<<<	1	1	1	
28	>><>>	2	1	2	
29	<<><<	1	2	2	
30	>>>>>	2	2	1	
31	<<<<<	1	1	1	
32	<<<<<	1	1	1	
33	>><>>	2	1	2	
34	<<<<<	1	1	1	
35	>>>>>	2	2	1	
36	>>>>>	2	2	1	
37	<<<<<	1	1	1	
38	>>>>>	2	2	1	
39	>>>>>	1	2	1	
40	>>>>>	2	2	1	
41	>>>>>	2	2	1	
42	<<><<	2	2	2	
43	<<><<	2	2	2	
44	>><>>	1	1	2	
45	<<<<<	1	1	1	
46	<<<<<	2	1	1	
47	>>>>>	2	2	1	
48	>>>>>	2	2	1	
49	<<<<<	1	1	1	
50	>><>>	2	1	2	
51	<<><<	1	2	2	
52	>>>>>	2	2	1	
53	>>>>>	1	2	1	
54	>><>>	2	1	2	
55	>>>>>	1	2	1	
56	>><>>	2	1	2	
57	<<><<	1	2	2	
58	<<><<	2	2	2	
59	>>>>>	1	2	1	
60	<<<<<	1	1	1	
61	<<><<	1	2	2	
62	<<><<	1	2	2	
63	<<><<	1	2	2	
64	>>>>>	2	2	1	
65	>>>>>	2	2	1	
66	>><>>	2	1	2	
67	>><>>	2	1	2	
68	>><>>	2	1	2	
69	>>>>>	2	2	1	
70	>><>>	2	1	2	
71	>>>>>	2	2	1	
72	>><>>	2	1	2	
73	<<><<	1	2	2	
74	<<<<<	1	1	1	
75	>>>>>	2	2	1	
76	>>>>>	2	2	1	
77	>>>>>	2	2	1	
78	>>>>>	2	2	1	
79	<<><<	2	2	2	
80	<<><<	1	2	2	
81	>><>>	1	1	2	
82	>>>>>	2	2	1	
83	<<><<	1	2	2	
84	<<<<<	1	1	1	
85	<<<<<	1	1	1	
86	<<><<	1	2	2	
87	>><>>	2	1	2	
88	<<<<<	1	1	1	
89	>>>>>	2	2	1	
90	>>>>>	2	2	1	
91	>>>>>	2	2	1	
92	>><>>	2	1	2	
93	<<<<<	1	1	1	
94	>>>>>	2	2	1	
95	>>>>>	2	2	1	
96	<<><<	1	2	2	
97	<<><<	1	2	2	
98	<<><<	2	2	2	
99	<<><<	1	2	2	
100	>><>>	2	1	2	
101	>><>>	2	1	2	
102	>>>>>	2	2	1	
103	>>>>>	2	2	1	
104	>><>>	2	1	2	
105	>>>>>	2	2	1	
106	<<<<<	1	1	1	
107	>>>>>	2	2	1	
108	>>>>>	2	2	1	
109	<<<<<	1	1	1	
110	<<<<<	1	1	1	
111	>>>>>	2	2	1	
112	<<><<	1	2	2	
113	<<><<	1	2	2	
114	>>>>>	2	2	1	
115	<<<<<	1	1	1	
116	<<><<	1	2	2	
117	<<<<<	1	1	1	
118	<<><<	1	2	2	
119	>>>>>	2	2	1	
120	<<<<<	1	1	1	
121	<<><<	1	2	2	
122	>><>>	2	1	2	
123	>><>>	2	1	2	
124	>>>>>	2	2	1	
125	>>>>>	2	2	1	
126	<<<<<	1	1	1	
127	>><>>	2	1	2	
128	>><>>	1	1	2	
129	>>>>>	2	2	1	
130	<<<<<	1	1	1	
131	<<><<	1	2	2	
132	<<><<	1	2	2	
133	<<><<	1	2	2	
134	<<<<<	1	1	1	
135	>>>>>	2	2	1	
136	<<><<	1	2	2	
137	>>>>>	2	2	1	
138	>><>>	2	1	2	
139	<<><<	1	2	2	
140	<<<<<	2	1	1	
141	>>>>>	2	2	1	
142	<<<<<	1	1	1	
143	>>>>>	2	2	1	
144	>><>>	2	1	2	
145	<<<<<	2	1	1	
146	<<<<<	1	1	1	
147	<<<<<	1	1	1	
148	>>>>>	2	2	1	
149	<<<<<	1	1	1	
150	>><>>	1	1	2	
1	>><>>	2	1	2	
2	>><>>	2	1	2	
3	<<><<	1	2	2	
4	>><>>	2	1	2	
5	<<><<	1	2	2	
6	<<<<<	1	1	1	
7	<<<<<	1	1	1	
8	>>>>>	2	2	1	
9	<<<<<	1	1	1	
10	>><>>	2	1	2	
11	>><>>	2	1	2	
12	>><>>	2	1	2	
13	>>>>>	2	2	1	
14	>><>>	2	1	2	
15	<<<<<	1	1	1	
16	<<><<	1	2	2	
17	<<><<	2	2	2	
18	<<><<	2	2	2	
19	<<<<<	1	1	1	
20	<<<<<	1	1	1	
21	>><>>	2	1	2	
22	>><>>	2	1	2	
23	<<<<<	1	1	1	
24	<<<<<	1	1	1	
25	>>>>>	2	2	1	
26	<<<<<	2	1	1	
27	>><>>	2	1	2	
28	>>>>>	2	2	1	
29	<<<<<	2	1	1	
30	>>>>>	2	2	1	
31	<<<<<	1	1	1	
32	>><>>	2	1	2	
33	>><>>	2	1	2	
34	<<<<<	1	1	1	
35	>>>>>	2	2	1	
36	>>>>>	1	2	1	
37	<<><<	1	2	2	
38	<<><<	1	2	2	
39	>><>>	2	1	2	
40	>><>>	2	1	2	
41	<<<<<	1	1	1	
42	>><>>	2	1	2	
43	<<<<<	1	1	1	
44	>>>>>	2	2	1	
45	<<<<<	1	1	1	
46	>>>>>	2	2	1	
47	<<<<<	2	1	1	
48	<<<<<	2	1	1	
49	>><>>	2	1	2	
50	<<><<	1	2	2	
51	<<><<	1	2	2	
52	<<<<<	1	1	1	
53	<<<<<	1	1	1	
54	<<<<<	1	1	1	
55	<<><<	1	2	2	
56	<<><<	1	2	2	
57	>><>>	1	1	2	
58	<<<<<	1	1	1	
59	>><>>	2	1	2	
60	<<<<<	1	1	1	
61	>>>>>	1	2	1	
62	>>>>>	1	2	1	
63	>><>>	1	1	2	
64	>>>>>	2	2	1	
65	<<<<<	2	1	1	
66	>>>>>	2	2	1	
67	<<><<	2	2	2	
68	>><>>	2	1	2	
69	>>>>>	1	2	1	
70	>><>>	2	1	2	
71	>>>>>	2	2	1	
72	<<><<	1	2	2	
73	>><>>	1	1	2	
74	>><>>	2	1	2	
75	>><>>	2	1	2	
76	>>>>>	1	2	1	
77	>><>>	2	1	2	
78	<<><<	1	2	2	
79	<<<<<	1	1	1	
80	>>>>>	1	2	1	
81	>>>>>	2	2	1	
82	>><>>	2	1	2	
83	>><>>	2	1	2	
84	>><>>	2	1	2	
85	>>>>>	2	2	1	
86	>><>>	2	1	2	
87	<<><<	1	2	2	
88	>>>>>	2	2	1	
89	>><>>	2	1	2	
90	<<<<<	1	1	1	
91	<<<<<	2	1	1	
92	<<><<	1	2	2	
93	>><>>	2	1	2	
94	>><>>	2	1	2	
95	<<<<<	1	1	1	
96	<<<<<	1	1	1	
97	<<<<<	1	1	1	
98	<<><<	1	2	2	
99	<<><<	1	2	2	
100	<<><<	1	2	2	
101	<<<<<	1	1	1	
102	>>>>>	2	2	1	
103	<<><<	1	2	2	
104	>><>>	2	1	2	
105	<<<<<	2	1	1	
106	>><>>	2	1	2	
107	<<<<<	2	1	1	
108	<<<<<	1	1	1	
109	>>>>>	2	2	1	
110	<<><<	1	2	2	
111	>>>>>	1	2	1	
112	<<<<<	1	1	1	
113	<<><<	1	2	2	
114	>><>>	2	1	2	
115	>>>>>	2	2	1	
116	>><>>	2	1	2	
117	>><>>	2	1	2	
118	<<<<<	2	1	1	
119	>>>>>	1	2	1	
120	<<><<	1	2	2	
121	<<<<<	2	1	1	
122	>><>>	1	1	2	
123	<<<<<	1	1	1	
124	>>>>>	2	2	1	
125	<<><<	1	2	2	
126	>><>>	2	1	2	
127	<<><<	1	2	2	
128	<<><<	2	2	2	
129	<<><<	1	2	2	
130	>>>>>	2	2	1	
131	>>>>>	2	2	1	
132	<<><<	1	2	2	
133	<<<<<	1	1	1	
134	<<><<	1	2	2	
135	>><>>	2	1	2	
136	>><>>	2	1	2	
137	>>>>>	2	2	1	
138	>>>>>	2	2	1	
139	<<><<	1	2	2	
140	>>>>>	2	2	1	
141	>><>>	2	1	2	
142	>><>>	2	1	2	
143	>>>>>	2	2	1	
144	<<<<<	1	1	1	
145	>><>>	2	1	2	
146	>><>>	2	1	2	
147	<<><<	1	2	2	
148	>><>>	2	1	2	
149	>>>>>	2	2	1	
150	<<><<	1	2	2	
