Respuestas
 EFT lento :
 JM
 Columnas: 
- numero 
- estimulo 
- respuesta: 1izq 2der  
- direc: 1izq 2der  
- congruencia 1:cong 2:incong 

1	>><>>	0	1	2	
2	>>>>>	0	2	1	
3	<<><<	1	2	2	
4	>><>>	1	1	2	
5	<<<<<	2	1	1	
6	<<<<<	2	1	1	
7	<<<<<	1	1	1	
8	>><>>	2	1	2	
9	>><>>	2	1	2	
10	>>>>>	2	2	1	
11	<<><<	1	2	2	
12	>><>>	2	1	2	
13	>>>>>	2	2	1	
14	>>>>>	2	2	1	
15	>>>>>	2	2	1	
16	<<<<<	1	1	1	
17	<<><<	1	2	2	
18	<<><<	1	2	2	
19	<<<<<	1	1	1	
20	>>>>>	2	2	1	
21	>>>>>	2	2	1	
22	<<><<	1	2	2	
23	<<<<<	1	1	1	
24	<<><<	1	2	2	
25	>><>>	2	1	2	
26	<<><<	1	2	2	
27	<<><<	1	2	2	
28	>>>>>	2	2	1	
29	<<<<<	1	1	1	
30	<<<<<	1	1	1	
31	<<><<	1	2	2	
32	<<><<	1	2	2	
33	>><>>	2	1	2	
34	<<><<	1	2	2	
35	<<><<	1	2	2	
36	>><>>	2	1	2	
37	>>>>>	2	2	1	
38	<<><<	1	2	2	
39	>><>>	2	1	2	
40	>>>>>	2	2	1	
41	<<<<<	1	1	1	
42	>><>>	2	1	2	
43	>>>>>	2	2	1	
44	<<><<	1	2	2	
45	<<><<	1	2	2	
46	>><>>	2	1	2	
47	<<<<<	1	1	1	
48	<<<<<	1	1	1	
49	<<<<<	1	1	1	
50	<<<<<	1	1	1	
51	>>>>>	1	2	1	
52	>>>>>	2	2	1	
53	>>>>>	2	2	1	
54	>><>>	2	1	2	
55	>><>>	2	1	2	
56	<<<<<	1	1	1	
57	>>>>>	2	2	1	
58	<<<<<	1	1	1	
59	<<><<	1	2	2	
60	>>>>>	2	2	1	
61	>>>>>	2	2	1	
62	<<><<	1	2	2	
63	<<><<	1	2	2	
64	<<<<<	1	1	1	
65	<<><<	1	2	2	
66	<<><<	1	2	2	
67	<<><<	1	2	2	
68	<<><<	1	2	2	
69	>>>>>	1	2	1	
70	>><>>	2	1	2	
71	>>>>>	2	2	1	
72	<<<<<	1	1	1	
73	<<<<<	1	1	1	
74	>><>>	2	1	2	
75	>>>>>	2	2	1	
76	<<><<	1	2	2	
77	>><>>	2	1	2	
78	>><>>	2	1	2	
79	<<<<<	1	1	1	
80	>>>>>	2	2	1	
81	<<<<<	1	1	1	
82	>>>>>	2	2	1	
83	>>>>>	2	2	1	
84	>>>>>	2	2	1	
85	<<<<<	1	1	1	
86	>><>>	2	1	2	
87	<<<<<	1	1	1	
88	>><>>	2	1	2	
89	<<<<<	1	1	1	
90	<<><<	1	2	2	
91	<<<<<	1	1	1	
92	<<><<	1	2	2	
93	>><>>	2	1	2	
94	<<><<	1	2	2	
95	<<><<	1	2	2	
96	>><>>	2	1	2	
97	<<<<<	1	1	1	
98	<<><<	1	2	2	
99	<<<<<	1	1	1	
100	>><>>	2	1	2	
101	<<><<	1	2	2	
102	<<<<<	1	1	1	
103	<<<<<	1	1	1	
104	>><>>	2	1	2	
105	<<<<<	1	1	1	
106	<<<<<	1	1	1	
107	<<><<	1	2	2	
108	<<><<	1	2	2	
109	<<<<<	1	1	1	
110	>><>>	2	1	2	
111	>>>>>	2	2	1	
112	>><>>	2	1	2	
113	<<><<	1	2	2	
114	<<<<<	1	1	1	
115	>>>>>	2	2	1	
116	>>>>>	2	2	1	
117	<<><<	1	2	2	
118	>>>>>	2	2	1	
119	>><>>	2	1	2	
120	>>>>>	2	2	1	
121	<<><<	1	2	2	
122	<<<<<	1	1	1	
123	<<><<	1	2	2	
124	>>>>>	2	2	1	
125	>>>>>	2	2	1	
126	<<><<	1	2	2	
127	<<><<	1	2	2	
128	>>>>>	2	2	1	
129	<<<<<	1	1	1	
130	>>>>>	2	2	1	
131	<<><<	1	2	2	
132	>>>>>	2	2	1	
133	<<<<<	1	1	1	
134	>>>>>	2	2	1	
135	>>>>>	2	2	1	
136	>><>>	2	1	2	
137	>>>>>	2	2	1	
138	<<><<	1	2	2	
139	<<><<	1	2	2	
140	>>>>>	2	2	1	
141	>><>>	2	1	2	
142	<<<<<	1	1	1	
143	>><>>	2	1	2	
144	<<><<	1	2	2	
145	>>>>>	2	2	1	
146	>><>>	2	1	2	
147	<<><<	1	2	2	
148	<<<<<	1	1	1	
149	>>>>>	2	2	1	
150	<<<<<	1	1	1	
1	<<><<	1	2	2	
2	<<<<<	1	1	1	
3	<<<<<	1	1	1	
4	<<<<<	1	1	1	
5	<<<<<	1	1	1	
6	>>>>>	2	2	1	
7	<<<<<	1	1	1	
8	<<<<<	1	1	1	
9	>>>>>	2	2	1	
10	>>>>>	2	2	1	
11	<<<<<	1	1	1	
12	>>>>>	2	2	1	
13	<<<<<	1	1	1	
14	<<<<<	1	1	1	
15	<<<<<	1	1	1	
16	>><>>	2	1	2	
17	<<><<	1	2	2	
18	>>>>>	2	2	1	
19	>>>>>	2	2	1	
20	<<><<	1	2	2	
21	<<<<<	1	1	1	
22	<<><<	1	2	2	
23	<<><<	1	2	2	
24	>><>>	2	1	2	
25	>>>>>	2	2	1	
26	>>>>>	2	2	1	
27	>><>>	2	1	2	
28	>><>>	2	1	2	
29	>><>>	2	1	2	
30	<<<<<	1	1	1	
31	<<<<<	1	1	1	
32	>>>>>	2	2	1	
33	>><>>	2	1	2	
34	<<><<	1	2	2	
35	>>>>>	2	2	1	
36	>>>>>	2	2	1	
37	<<><<	1	2	2	
38	>>>>>	2	2	1	
39	>><>>	2	1	2	
40	>><>>	2	1	2	
41	<<<<<	1	1	1	
42	>>>>>	2	2	1	
43	>>>>>	2	2	1	
44	>><>>	2	1	2	
45	>><>>	2	1	2	
46	>>>>>	2	2	1	
47	<<><<	1	2	2	
48	>><>>	2	1	2	
49	>>>>>	2	2	1	
50	>>>>>	2	2	1	
51	>>>>>	2	2	1	
52	>><>>	2	1	2	
53	<<<<<	1	1	1	
54	<<<<<	1	1	1	
55	<<><<	1	2	2	
56	<<<<<	1	1	1	
57	>><>>	2	1	2	
58	<<<<<	1	1	1	
59	<<<<<	1	1	1	
60	<<<<<	1	1	1	
61	>><>>	2	1	2	
62	<<<<<	1	1	1	
63	<<<<<	1	1	1	
64	>><>>	2	1	2	
65	>>>>>	2	2	1	
66	>>>>>	2	2	1	
67	>><>>	1	1	2	
68	>><>>	2	1	2	
69	<<<<<	1	1	1	
70	>><>>	2	1	2	
71	>><>>	2	1	2	
72	<<><<	2	2	2	
73	>><>>	2	1	2	
74	>>>>>	2	2	1	
75	<<<<<	1	1	1	
76	<<<<<	1	1	1	
77	>>>>>	2	2	1	
78	<<<<<	1	1	1	
79	<<><<	1	2	2	
80	<<<<<	1	1	1	
81	<<<<<	1	1	1	
82	>><>>	2	1	2	
83	>><>>	2	1	2	
84	<<<<<	1	1	1	
85	>><>>	2	1	2	
86	>><>>	2	1	2	
87	<<<<<	1	1	1	
88	>>>>>	2	2	1	
89	<<><<	1	2	2	
90	>>>>>	2	2	1	
91	>><>>	2	1	2	
92	<<<<<	1	1	1	
93	<<><<	1	2	2	
94	<<><<	1	2	2	
95	<<><<	1	2	2	
96	>>>>>	2	2	1	
97	>><>>	2	1	2	
98	>>>>>	2	2	1	
99	<<><<	1	2	2	
100	>>>>>	2	2	1	
101	<<><<	1	2	2	
102	<<><<	1	2	2	
103	>><>>	2	1	2	
104	>>>>>	2	2	1	
105	<<><<	2	2	2	
106	>><>>	2	1	2	
107	>><>>	2	1	2	
108	>>>>>	2	2	1	
109	<<><<	1	2	2	
110	>>>>>	2	2	1	
111	<<<<<	2	1	1	
112	<<><<	1	2	2	
113	<<><<	1	2	2	
114	<<<<<	1	1	1	
115	<<<<<	1	1	1	
116	<<<<<	1	1	1	
117	>>>>>	2	2	1	
118	>><>>	2	1	2	
119	>><>>	2	1	2	
120	<<><<	1	2	2	
121	>><>>	2	1	2	
122	<<><<	2	2	2	
123	>>>>>	2	2	1	
124	<<><<	1	2	2	
125	>>>>>	2	2	1	
126	<<><<	1	2	2	
127	>><>>	1	1	2	
128	<<<<<	1	1	1	
129	>><>>	2	1	2	
130	<<><<	1	2	2	
131	>><>>	2	1	2	
132	<<><<	1	2	2	
133	<<<<<	1	1	1	
134	>><>>	2	1	2	
135	<<><<	1	2	2	
136	>>>>>	2	2	1	
137	<<<<<	1	1	1	
138	<<><<	1	2	2	
139	>><>>	2	1	2	
140	<<><<	1	2	2	
141	<<<<<	1	1	1	
142	<<><<	1	2	2	
143	<<><<	1	2	2	
144	>>>>>	2	2	1	
145	>>>>>	2	2	1	
146	>><>>	2	1	2	
147	<<><<	1	2	2	
148	>>>>>	2	2	1	
149	>><>>	2	1	2	
150	>>>>>	2	2	1	
