Respuestas
 EFT lento :
 ME
 Columnas: 
- numero 
- estimulo 
- respuesta: 1izq 2der  
- direc: 1izq 2der  
- congruencia 1:cong 2:incong 

1	<<<<<	1	1	1	
2	>>>>>	2	2	1	
3	<<><<	2	2	2	
4	>><>>	1	1	2	
5	>>>>>	2	2	1	
6	<<><<	2	2	2	
7	>>>>>	2	2	1	
8	<<><<	2	2	2	
9	>>>>>	2	2	1	
10	<<<<<	1	1	1	
11	<<><<	2	2	2	
12	<<><<	2	2	2	
13	<<><<	2	2	2	
14	<<<<<	1	1	1	
15	>>>>>	2	2	1	
16	<<<<<	1	1	1	
17	<<<<<	1	1	1	
18	<<><<	2	2	2	
19	<<<<<	1	1	1	
20	>><>>	1	1	2	
21	>><>>	1	1	2	
22	<<<<<	1	1	1	
23	>>>>>	2	2	1	
24	>><>>	1	1	2	
25	>><>>	1	1	2	
26	>>>>>	2	2	1	
27	>><>>	1	1	2	
28	<<<<<	1	1	1	
29	<<<<<	1	1	1	
30	>>>>>	2	2	1	
31	>>>>>	2	2	1	
32	>>>>>	2	2	1	
33	<<><<	2	2	2	
34	<<><<	2	2	2	
35	<<><<	2	2	2	
36	>><>>	1	1	2	
37	<<><<	2	2	2	
38	<<<<<	1	1	1	
39	<<<<<	1	1	1	
40	<<><<	2	2	2	
41	>>>>>	2	2	1	
42	<<><<	2	2	2	
43	>><>>	2	1	2	
44	<<><<	2	2	2	
45	<<><<	2	2	2	
46	<<><<	2	2	2	
47	<<<<<	1	1	1	
48	<<<<<	1	1	1	
49	>><>>	1	1	2	
50	>>>>>	2	2	1	
51	>><>>	1	1	2	
52	<<<<<	1	1	1	
53	>><>>	1	1	2	
54	<<<<<	1	1	1	
55	<<<<<	1	1	1	
56	>><>>	1	1	2	
57	<<<<<	1	1	1	
58	>><>>	1	1	2	
59	<<<<<	1	1	1	
60	>><>>	1	1	2	
61	<<<<<	1	1	1	
62	<<><<	2	2	2	
63	>>>>>	2	2	1	
64	>><>>	1	1	2	
65	<<<<<	1	1	1	
66	>>>>>	2	2	1	
67	<<><<	2	2	2	
68	<<<<<	1	1	1	
69	<<<<<	1	1	1	
70	>>>>>	2	2	1	
71	>><>>	1	1	2	
72	>><>>	1	1	2	
73	<<<<<	1	1	1	
74	>><>>	1	1	2	
75	<<<<<	1	1	1	
76	<<><<	2	2	2	
77	<<<<<	1	1	1	
78	<<><<	2	2	2	
79	>>>>>	2	2	1	
80	>>>>>	2	2	1	
81	<<<<<	1	1	1	
82	<<<<<	1	1	1	
83	<<<<<	1	1	1	
84	<<<<<	1	1	1	
85	<<><<	2	2	2	
86	<<<<<	1	1	1	
87	<<<<<	1	1	1	
88	<<<<<	1	1	1	
89	<<><<	2	2	2	
90	>>>>>	2	2	1	
91	<<><<	2	2	2	
92	<<<<<	1	1	1	
93	>>>>>	2	2	1	
94	>><>>	1	1	2	
95	>><>>	1	1	2	
96	>><>>	1	1	2	
97	<<><<	2	2	2	
98	<<><<	2	2	2	
99	>>>>>	2	2	1	
100	>>>>>	2	2	1	
101	<<<<<	1	1	1	
102	<<><<	2	2	2	
103	>>>>>	2	2	1	
104	<<<<<	1	1	1	
105	>>>>>	2	2	1	
106	<<><<	2	2	2	
107	>><>>	1	1	2	
108	>>>>>	2	2	1	
109	<<><<	2	2	2	
110	>><>>	1	1	2	
111	>><>>	1	1	2	
112	>>>>>	2	2	1	
113	>><>>	1	1	2	
114	>>>>>	2	2	1	
115	<<<<<	1	1	1	
116	>>>>>	2	2	1	
117	<<><<	2	2	2	
118	<<><<	2	2	2	
119	>>>>>	2	2	1	
120	>>>>>	2	2	1	
121	>>>>>	2	2	1	
122	<<><<	2	2	2	
123	>>>>>	2	2	1	
124	<<<<<	1	1	1	
125	>><>>	1	1	2	
126	>><>>	1	1	2	
127	>><>>	1	1	2	
128	>>>>>	2	2	1	
129	>>>>>	2	2	1	
130	<<><<	2	2	2	
131	<<><<	2	2	2	
132	>><>>	1	1	2	
133	<<><<	2	2	2	
134	<<><<	2	2	2	
135	>>>>>	2	2	1	
136	>>>>>	2	2	1	
137	>>>>>	2	2	1	
138	<<<<<	1	1	1	
139	<<<<<	1	1	1	
140	<<<<<	1	1	1	
141	<<<<<	1	1	1	
142	>>>>>	2	2	1	
143	<<><<	2	2	2	
144	>><>>	1	1	2	
145	>><>>	1	1	2	
146	<<<<<	1	1	1	
147	>>>>>	2	2	1	
148	<<<<<	1	1	1	
149	>><>>	1	1	2	
150	<<<<<	1	1	1	
1	<<<<<	1	1	1	
2	<<><<	2	2	2	
3	>>>>>	2	2	1	
4	>>>>>	2	2	1	
5	<<><<	2	2	2	
6	<<><<	2	2	2	
7	>><>>	1	1	2	
8	>><>>	2	1	2	
9	<<<<<	1	1	1	
10	>>>>>	2	2	1	
11	>><>>	1	1	2	
12	>>>>>	2	2	1	
13	>><>>	1	1	2	
14	>>>>>	2	2	1	
15	<<<<<	1	1	1	
16	<<><<	2	2	2	
17	>><>>	1	1	2	
18	<<><<	2	2	2	
19	>><>>	1	1	2	
20	<<<<<	1	1	1	
21	>>>>>	2	2	1	
22	>><>>	1	1	2	
23	<<><<	2	2	2	
24	<<<<<	1	1	1	
25	<<<<<	1	1	1	
26	>>>>>	2	2	1	
27	>><>>	1	1	2	
28	>><>>	1	1	2	
29	>>>>>	2	2	1	
30	>>>>>	2	2	1	
31	<<><<	2	2	2	
32	<<<<<	1	1	1	
33	>>>>>	2	2	1	
34	>>>>>	2	2	1	
35	<<><<	2	2	2	
36	>><>>	1	1	2	
37	>>>>>	2	2	1	
38	>><>>	1	1	2	
39	>>>>>	2	2	1	
40	>>>>>	2	2	1	
41	<<<<<	1	1	1	
42	>><>>	1	1	2	
43	<<<<<	1	1	1	
44	>>>>>	2	2	1	
45	>><>>	1	1	2	
46	>>>>>	2	2	1	
47	>>>>>	2	2	1	
48	>><>>	1	1	2	
49	>><>>	1	1	2	
50	>>>>>	2	2	1	
51	<<><<	2	2	2	
52	>>>>>	2	2	1	
53	<<><<	2	2	2	
54	>><>>	1	1	2	
55	<<<<<	1	1	1	
56	>><>>	1	1	2	
57	>>>>>	2	2	1	
58	>>>>>	2	2	1	
59	<<<<<	1	1	1	
60	>><>>	1	1	2	
61	<<<<<	1	1	1	
62	<<><<	2	2	2	
63	<<<<<	1	1	1	
64	>>>>>	2	2	1	
65	<<><<	2	2	2	
66	<<><<	2	2	2	
67	>><>>	1	1	2	
68	<<<<<	1	1	1	
69	>><>>	1	1	2	
70	<<><<	2	2	2	
71	<<><<	2	2	2	
72	>><>>	1	1	2	
73	<<><<	2	2	2	
74	>><>>	1	1	2	
75	<<<<<	1	1	1	
76	<<<<<	1	1	1	
77	<<<<<	1	1	1	
78	>><>>	1	1	2	
79	<<<<<	1	1	1	
80	>><>>	1	1	2	
81	<<><<	2	2	2	
82	>>>>>	2	2	1	
83	<<><<	2	2	2	
84	>><>>	1	1	2	
85	>>>>>	2	2	1	
86	>>>>>	2	2	1	
87	<<><<	2	2	2	
88	>><>>	1	1	2	
89	<<<<<	1	1	1	
90	>>>>>	2	2	1	
91	>><>>	1	1	2	
92	<<<<<	1	1	1	
93	<<><<	2	2	2	
94	<<><<	2	2	2	
95	<<><<	2	2	2	
96	>><>>	1	1	2	
97	>>>>>	2	2	1	
98	>><>>	1	1	2	
99	>><>>	1	1	2	
100	>>>>>	2	2	1	
101	<<<<<	1	1	1	
102	<<<<<	1	1	1	
103	>>>>>	2	2	1	
104	<<><<	2	2	2	
105	>><>>	1	1	2	
106	<<<<<	1	1	1	
107	>>>>>	2	2	1	
108	<<><<	2	2	2	
109	>>>>>	2	2	1	
110	<<><<	2	2	2	
111	>>>>>	2	2	1	
112	<<<<<	1	1	1	
113	<<<<<	1	1	1	
114	<<><<	2	2	2	
115	>><>>	1	1	2	
116	<<<<<	1	1	1	
117	>><>>	1	1	2	
118	>>>>>	2	2	1	
119	>>>>>	2	2	1	
120	>>>>>	2	2	1	
121	>>>>>	2	2	1	
122	<<<<<	1	1	1	
123	>><>>	1	1	2	
124	<<<<<	1	1	1	
125	<<><<	2	2	2	
126	<<<<<	1	1	1	
127	>><>>	1	1	2	
128	<<><<	2	2	2	
129	<<<<<	1	1	1	
130	<<><<	2	2	2	
131	>>>>>	2	2	1	
132	<<<<<	1	1	1	
133	>>>>>	2	2	1	
134	>><>>	1	1	2	
135	>>>>>	2	2	1	
136	<<<<<	1	1	1	
137	>>>>>	2	2	1	
138	>>>>>	2	2	1	
139	<<><<	2	2	2	
140	<<><<	2	2	2	
141	<<><<	2	2	2	
142	<<><<	2	2	2	
143	<<><<	2	2	2	
144	>><>>	1	1	2	
145	<<><<	2	2	2	
146	>><>>	1	1	2	
147	<<><<	2	2	2	
148	>>>>>	2	2	1	
149	>>>>>	2	2	1	
150	>>>>>	2	2	1	
