Respuestas
 EFT rapido:
 ME
 Columnas: 
- numero 
- estimulo 
- respuesta: 1izq 2der  
- direc: 1izq 2der  
- congruencia 1:cong 2:incong 

1	<<><<	2	2	2	
2	>>>>>	2	2	1	
3	>><>>	1	1	2	
4	>><>>	1	1	2	
5	<<<<<	1	1	1	
6	<<<<<	1	1	1	
7	>>>>>	2	2	1	
8	>>>>>	2	2	1	
9	<<><<	2	2	2	
10	>>>>>	2	2	1	
11	>>>>>	2	2	1	
12	>>>>>	2	2	1	
13	<<<<<	1	1	1	
14	>>>>>	2	2	1	
15	>>>>>	1	2	1	
16	>><>>	1	1	2	
17	<<><<	2	2	2	
18	<<<<<	1	1	1	
19	>>>>>	2	2	1	
20	>><>>	1	1	2	
21	>><>>	2	1	2	
22	<<><<	2	2	2	
23	<<<<<	1	1	1	
24	>><>>	1	1	2	
25	<<><<	2	2	2	
26	<<><<	2	2	2	
27	<<<<<	1	1	1	
28	>><>>	1	1	2	
29	<<><<	2	2	2	
30	>><>>	1	1	2	
31	>><>>	2	1	2	
32	>><>>	1	1	2	
33	<<<<<	1	1	1	
34	>>>>>	2	2	1	
35	<<<<<	1	1	1	
36	>>>>>	2	2	1	
37	>><>>	1	1	2	
38	<<><<	2	2	2	
39	>><>>	1	1	2	
40	<<<<<	1	1	1	
41	<<><<	2	2	2	
42	>>>>>	2	2	1	
43	>><>>	1	1	2	
44	>><>>	1	1	2	
45	<<<<<	1	1	1	
46	<<><<	2	2	2	
47	<<<<<	1	1	1	
48	<<<<<	1	1	1	
49	>>>>>	2	2	1	
50	>><>>	1	1	2	
51	>>>>>	2	2	1	
52	<<<<<	1	1	1	
53	>><>>	1	1	2	
54	>><>>	1	1	2	
55	>><>>	1	1	2	
56	<<><<	2	2	2	
57	<<<<<	1	1	1	
58	<<<<<	1	1	1	
59	<<><<	2	2	2	
60	<<><<	1	2	2	
61	>><>>	1	1	2	
62	>>>>>	2	2	1	
63	<<><<	2	2	2	
64	<<<<<	1	1	1	
65	<<<<<	1	1	1	
66	>><>>	1	1	2	
67	<<<<<	1	1	1	
68	>>>>>	2	2	1	
69	>><>>	1	1	2	
70	>><>>	1	1	2	
71	>><>>	1	1	2	
72	>><>>	1	1	2	
73	>><>>	1	1	2	
74	<<<<<	1	1	1	
75	>><>>	1	1	2	
76	>><>>	1	1	2	
77	>><>>	1	1	2	
78	>><>>	1	1	2	
79	>><>>	1	1	2	
80	<<><<	2	2	2	
81	<<><<	2	2	2	
82	<<<<<	1	1	1	
83	>><>>	1	1	2	
84	<<<<<	1	1	1	
85	>><>>	2	1	2	
86	>><>>	1	1	2	
87	>>>>>	2	2	1	
88	<<<<<	1	1	1	
89	>>>>>	2	2	1	
90	>>>>>	2	2	1	
91	<<<<<	1	1	1	
92	<<><<	2	2	2	
93	>><>>	1	1	2	
94	>><>>	1	1	2	
95	<<><<	2	2	2	
96	>><>>	1	1	2	
97	>>>>>	2	2	1	
98	>><>>	1	1	2	
99	>><>>	2	1	2	
100	>>>>>	2	2	1	
101	>><>>	1	1	2	
102	<<><<	2	2	2	
103	>><>>	1	1	2	
104	<<<<<	1	1	1	
105	>>>>>	2	2	1	
106	<<<<<	1	1	1	
107	>>>>>	2	2	1	
108	<<<<<	1	1	1	
109	<<><<	2	2	2	
110	<<<<<	1	1	1	
111	<<<<<	1	1	1	
112	>>>>>	2	2	1	
113	>><>>	1	1	2	
114	<<<<<	1	1	1	
115	>>>>>	2	2	1	
116	>>>>>	2	2	1	
117	>>>>>	2	2	1	
118	>><>>	1	1	2	
119	<<<<<	1	1	1	
120	<<><<	2	2	2	
121	>><>>	1	1	2	
122	>><>>	1	1	2	
123	>><>>	1	1	2	
124	>><>>	1	1	2	
125	>>>>>	1	2	1	
126	>>>>>	2	2	1	
127	<<><<	2	2	2	
128	>>>>>	2	2	1	
129	>><>>	1	1	2	
130	>><>>	1	1	2	
131	>>>>>	2	2	1	
132	<<<<<	1	1	1	
133	<<><<	2	2	2	
134	<<><<	2	2	2	
135	<<<<<	1	1	1	
136	>>>>>	2	2	1	
137	>>>>>	2	2	1	
138	>><>>	1	1	2	
139	<<<<<	1	1	1	
140	>>>>>	2	2	1	
141	>><>>	1	1	2	
142	>><>>	1	1	2	
143	<<><<	2	2	2	
144	<<><<	1	2	2	
145	>>>>>	1	2	1	
146	<<<<<	1	1	1	
147	>>>>>	2	2	1	
148	>><>>	1	1	2	
149	<<<<<	1	1	1	
150	<<><<	2	2	2	
1	<<><<	1	2	2	
2	>>>>>	2	2	1	
3	<<><<	2	2	2	
4	>>>>>	2	2	1	
5	<<><<	2	2	2	
6	<<><<	2	2	2	
7	>><>>	1	1	2	
8	<<<<<	1	1	1	
9	>><>>	1	1	2	
10	>><>>	2	1	2	
11	>><>>	1	1	2	
12	<<><<	2	2	2	
13	<<><<	2	2	2	
14	<<<<<	1	1	1	
15	<<<<<	1	1	1	
16	<<<<<	1	1	1	
17	>>>>>	2	2	1	
18	>>>>>	2	2	1	
19	>><>>	1	1	2	
20	<<><<	2	2	2	
21	>><>>	1	1	2	
22	<<><<	2	2	2	
23	<<><<	2	2	2	
24	<<><<	2	2	2	
25	>><>>	1	1	2	
26	<<><<	2	2	2	
27	<<><<	2	2	2	
28	<<><<	2	2	2	
29	<<<<<	1	1	1	
30	<<<<<	1	1	1	
31	>>>>>	2	2	1	
32	>><>>	1	1	2	
33	>>>>>	2	2	1	
34	>>>>>	2	2	1	
35	<<<<<	1	1	1	
36	<<<<<	1	1	1	
37	>><>>	2	1	2	
38	<<><<	2	2	2	
39	<<><<	2	2	2	
40	<<><<	2	2	2	
41	>><>>	1	1	2	
42	>><>>	1	1	2	
43	<<><<	2	2	2	
44	<<<<<	1	1	1	
45	>>>>>	2	2	1	
46	>><>>	1	1	2	
47	>>>>>	2	2	1	
48	>><>>	2	1	2	
49	<<<<<	1	1	1	
50	>>>>>	2	2	1	
51	<<<<<	1	1	1	
52	<<><<	2	2	2	
53	>>>>>	2	2	1	
54	<<><<	2	2	2	
55	>><>>	1	1	2	
56	>><>>	1	1	2	
57	<<<<<	1	1	1	
58	<<<<<	1	1	1	
59	<<<<<	1	1	1	
60	>>>>>	2	2	1	
61	>><>>	2	1	2	
62	>><>>	1	1	2	
63	>><>>	1	1	2	
64	>><>>	1	1	2	
65	>>>>>	2	2	1	
66	>><>>	1	1	2	
67	>><>>	2	1	2	
68	>><>>	1	1	2	
69	>>>>>	2	2	1	
70	<<<<<	1	1	1	
71	<<><<	2	2	2	
72	>>>>>	1	2	1	
73	>><>>	1	1	2	
74	>><>>	1	1	2	
75	<<<<<	1	1	1	
76	<<<<<	1	1	1	
77	<<><<	2	2	2	
78	>><>>	1	1	2	
79	<<><<	2	2	2	
80	>>>>>	2	2	1	
81	<<<<<	1	1	1	
82	>>>>>	2	2	1	
83	<<<<<	1	1	1	
84	>><>>	1	1	2	
85	<<<<<	1	1	1	
86	<<><<	2	2	2	
87	>><>>	1	1	2	
88	<<><<	2	2	2	
89	>><>>	1	1	2	
90	>><>>	1	1	2	
91	<<<<<	1	1	1	
92	>>>>>	2	2	1	
93	<<><<	1	2	2	
94	<<><<	1	2	2	
95	<<<<<	1	1	1	
96	>><>>	1	1	2	
97	>><>>	1	1	2	
98	<<><<	2	2	2	
99	<<><<	2	2	2	
100	>><>>	1	1	2	
101	<<><<	2	2	2	
102	<<<<<	1	1	1	
103	>><>>	1	1	2	
104	>><>>	1	1	2	
105	>><>>	1	1	2	
106	>>>>>	2	2	1	
107	>>>>>	2	2	1	
108	<<><<	2	2	2	
109	<<><<	2	2	2	
110	<<><<	2	2	2	
111	>>>>>	2	2	1	
112	>>>>>	2	2	1	
113	>><>>	1	1	2	
114	>><>>	1	1	2	
115	>>>>>	2	2	1	
116	<<><<	1	2	2	
117	>>>>>	2	2	1	
118	<<><<	2	2	2	
119	>><>>	1	1	2	
120	<<<<<	1	1	1	
121	>><>>	1	1	2	
122	>><>>	1	1	2	
123	>><>>	1	1	2	
124	<<><<	2	2	2	
125	>>>>>	2	2	1	
126	<<><<	2	2	2	
127	<<><<	2	2	2	
128	>>>>>	2	2	1	
129	<<><<	2	2	2	
130	>>>>>	2	2	1	
131	<<><<	2	2	2	
132	>><>>	1	1	2	
133	<<<<<	1	1	1	
134	<<><<	2	2	2	
135	<<><<	2	2	2	
136	<<<<<	1	1	1	
137	<<><<	2	2	2	
138	>><>>	1	1	2	
139	<<<<<	1	1	1	
140	<<<<<	1	1	1	
141	>>>>>	2	2	1	
142	>>>>>	2	2	1	
143	>><>>	2	1	2	
144	>><>>	1	1	2	
145	>><>>	1	1	2	
146	<<<<<	1	1	1	
147	<<<<<	1	1	1	
148	<<<<<	1	1	1	
149	>><>>	1	1	2	
150	>>>>>	2	2	1	
