Respuestas
 EFT rapido:
 PV
 Columnas: 
- numero 
- estimulo 
- respuesta: 1izq 2der  
- direc: 1izq 2der  
- congruencia 1:cong 2:incong 

1	>>>>>	2	2	1	
2	>>>>>	2	2	1	
3	>>>>>	2	2	1	
4	<<><<	1	2	2	
5	>>>>>	2	2	1	
6	>><>>	1	1	2	
7	>>>>>	2	2	1	
8	>>>>>	2	2	1	
9	>><>>	1	1	2	
10	<<><<	2	2	2	
11	<<<<<	1	1	1	
12	<<<<<	1	1	1	
13	>><>>	2	1	2	
14	<<<<<	1	1	1	
15	>>>>>	2	2	1	
16	>>>>>	2	2	1	
17	<<><<	2	2	2	
18	>><>>	1	1	2	
19	<<><<	2	2	2	
20	>>>>>	2	2	1	
21	<<><<	1	2	2	
22	>>>>>	2	2	1	
23	>>>>>	2	2	1	
24	<<<<<	1	1	1	
25	<<><<	2	2	2	
26	<<<<<	1	1	1	
27	<<><<	2	2	2	
28	<<<<<	1	1	1	
29	>>>>>	2	2	1	
30	<<<<<	1	1	1	
31	<<><<	2	2	2	
32	<<><<	2	2	2	
33	<<<<<	1	1	1	
34	>>>>>	2	2	1	
35	>>>>>	2	2	1	
36	<<><<	1	2	2	
37	<<><<	2	2	2	
38	<<><<	2	2	2	
39	>><>>	1	1	2	
40	<<><<	2	2	2	
41	<<<<<	1	1	1	
42	<<<<<	1	1	1	
43	<<><<	2	2	2	
44	>>>>>	1	2	1	
45	<<><<	2	2	2	
46	>>>>>	2	2	1	
47	<<><<	1	2	2	
48	>>>>>	2	2	1	
49	<<><<	2	2	2	
50	>><>>	1	1	2	
51	<<><<	2	2	2	
52	>>>>>	1	2	1	
53	>>>>>	2	2	1	
54	>>>>>	2	2	1	
55	>>>>>	2	2	1	
56	<<<<<	1	1	1	
57	<<<<<	1	1	1	
58	>><>>	1	1	2	
59	<<<<<	1	1	1	
60	>><>>	1	1	2	
61	>><>>	1	1	2	
62	<<<<<	1	1	1	
63	<<<<<	1	1	1	
64	<<<<<	1	1	1	
65	>><>>	1	1	2	
66	<<<<<	1	1	1	
67	<<><<	2	2	2	
68	<<<<<	1	1	1	
69	<<<<<	2	1	1	
70	<<<<<	1	1	1	
71	<<<<<	1	1	1	
72	<<><<	1	2	2	
73	<<><<	1	2	2	
74	>><>>	1	1	2	
75	>>>>>	2	2	1	
76	>><>>	1	1	2	
77	<<><<	2	2	2	
78	<<><<	2	2	2	
79	<<<<<	1	1	1	
80	>><>>	1	1	2	
81	>><>>	1	1	2	
82	<<><<	2	2	2	
83	>><>>	1	1	2	
84	<<<<<	2	1	1	
85	<<<<<	1	1	1	
86	>><>>	1	1	2	
87	<<<<<	1	1	1	
88	>>>>>	2	2	1	
89	<<><<	1	2	2	
90	>>>>>	2	2	1	
91	<<><<	2	2	2	
92	<<<<<	1	1	1	
93	>>>>>	2	2	1	
94	>>>>>	2	2	1	
95	<<<<<	1	1	1	
96	>>>>>	2	2	1	
97	>>>>>	1	2	1	
98	>><>>	1	1	2	
99	>>>>>	2	2	1	
100	<<<<<	1	1	1	
101	>><>>	2	1	2	
102	>>>>>	1	2	1	
103	>>>>>	2	2	1	
104	>><>>	1	1	2	
105	>><>>	1	1	2	
106	>>>>>	2	2	1	
107	<<><<	2	2	2	
108	<<<<<	1	1	1	
109	<<><<	2	2	2	
110	>><>>	1	1	2	
111	<<<<<	2	1	1	
112	>>>>>	1	2	1	
113	>><>>	1	1	2	
114	>><>>	1	1	2	
115	<<><<	2	2	2	
116	<<><<	2	2	2	
117	>><>>	1	1	2	
118	<<<<<	1	1	1	
119	>>>>>	2	2	1	
120	<<<<<	1	1	1	
121	<<><<	2	2	2	
122	<<<<<	1	1	1	
123	<<<<<	2	1	1	
124	<<<<<	1	1	1	
125	>><>>	1	1	2	
126	>><>>	1	1	2	
127	>><>>	1	1	2	
128	<<><<	2	2	2	
129	>>>>>	2	2	1	
130	>>>>>	1	2	1	
131	<<><<	2	2	2	
132	>>>>>	2	2	1	
133	<<><<	2	2	2	
134	<<<<<	1	1	1	
135	>>>>>	2	2	1	
136	<<<<<	1	1	1	
137	<<<<<	2	1	1	
138	<<<<<	1	1	1	
139	<<<<<	1	1	1	
140	>>>>>	2	2	1	
141	>><>>	1	1	2	
142	>>>>>	2	2	1	
143	>>>>>	1	2	1	
144	>><>>	1	1	2	
145	<<<<<	2	1	1	
146	>>>>>	2	2	1	
147	>><>>	1	1	2	
148	<<<<<	1	1	1	
149	>><>>	1	1	2	
150	<<<<<	1	1	1	
1	<<><<	1	2	2	
2	<<><<	2	2	2	
3	>>>>>	2	2	1	
4	<<<<<	1	1	1	
5	>>>>>	2	2	1	
6	>><>>	1	1	2	
7	<<><<	2	2	2	
8	<<><<	1	2	2	
9	>><>>	1	1	2	
10	>><>>	1	1	2	
11	<<><<	2	2	2	
12	>><>>	1	1	2	
13	>><>>	1	1	2	
14	>><>>	1	1	2	
15	>><>>	1	1	2	
16	<<<<<	2	1	1	
17	<<><<	1	2	2	
18	<<<<<	1	1	1	
19	>>>>>	2	2	1	
20	<<><<	2	2	2	
21	>><>>	2	1	2	
22	<<<<<	1	1	1	
23	>><>>	2	1	2	
24	>><>>	1	1	2	
25	<<<<<	1	1	1	
26	<<<<<	1	1	1	
27	>>>>>	2	2	1	
28	>><>>	1	1	2	
29	<<><<	2	2	2	
30	>>>>>	2	2	1	
31	<<><<	2	2	2	
32	<<<<<	1	1	1	
33	<<><<	2	2	2	
34	>>>>>	2	2	1	
35	>><>>	1	1	2	
36	>><>>	2	1	2	
37	<<><<	2	2	2	
38	>>>>>	2	2	1	
39	<<<<<	1	1	1	
40	>>>>>	2	2	1	
41	<<><<	2	2	2	
42	>><>>	1	1	2	
43	>><>>	1	1	2	
44	>><>>	1	1	2	
45	<<><<	2	2	2	
46	>><>>	1	1	2	
47	>><>>	1	1	2	
48	<<><<	2	2	2	
49	<<<<<	1	1	1	
50	>>>>>	2	2	1	
51	<<><<	1	2	2	
52	<<><<	2	2	2	
53	>>>>>	2	2	1	
54	>>>>>	2	2	1	
55	>><>>	1	1	2	
56	<<><<	2	2	2	
57	>>>>>	2	2	1	
58	>><>>	1	1	2	
59	>><>>	1	1	2	
60	>><>>	1	1	2	
61	<<><<	2	2	2	
62	>>>>>	2	2	1	
63	<<><<	2	2	2	
64	>><>>	1	1	2	
65	>>>>>	2	2	1	
66	>><>>	1	1	2	
67	<<<<<	1	1	1	
68	<<><<	2	2	2	
69	>><>>	1	1	2	
70	<<><<	2	2	2	
71	>>>>>	1	2	1	
72	>>>>>	2	2	1	
73	<<><<	2	2	2	
74	<<><<	2	2	2	
75	>>>>>	2	2	1	
76	>><>>	1	1	2	
77	>>>>>	2	2	1	
78	>>>>>	2	2	1	
79	>><>>	1	1	2	
80	>>>>>	2	2	1	
81	>><>>	1	1	2	
82	<<><<	2	2	2	
83	<<><<	1	2	2	
84	>>>>>	2	2	1	
85	<<<<<	1	1	1	
86	>>>>>	2	2	1	
87	>>>>>	2	2	1	
88	<<<<<	1	1	1	
89	>>>>>	2	2	1	
90	<<<<<	2	1	1	
91	>>>>>	2	2	1	
92	>><>>	1	1	2	
93	>>>>>	2	2	1	
94	<<><<	1	2	2	
95	>><>>	2	1	2	
96	>><>>	1	1	2	
97	>>>>>	2	2	1	
98	>>>>>	2	2	1	
99	<<><<	2	2	2	
100	<<<<<	1	1	1	
101	<<<<<	1	1	1	
102	>>>>>	2	2	1	
103	<<<<<	1	1	1	
104	>>>>>	2	2	1	
105	<<<<<	1	1	1	
106	<<><<	2	2	2	
107	>>>>>	2	2	1	
108	<<<<<	1	1	1	
109	>><>>	2	1	2	
110	>><>>	1	1	2	
111	<<><<	2	2	2	
112	<<<<<	1	1	1	
113	>><>>	2	1	2	
114	<<><<	2	2	2	
115	>>>>>	2	2	1	
116	>><>>	1	1	2	
117	<<><<	2	2	2	
118	>><>>	1	1	2	
119	<<><<	2	2	2	
120	>>>>>	1	2	1	
121	>>>>>	2	2	1	
122	<<<<<	1	1	1	
123	>>>>>	2	2	1	
124	>>>>>	2	2	1	
125	>><>>	1	1	2	
126	<<><<	2	2	2	
127	>><>>	1	1	2	
128	>>>>>	2	2	1	
129	<<><<	2	2	2	
130	<<><<	2	2	2	
131	>>>>>	2	2	1	
132	<<><<	2	2	2	
133	<<><<	2	2	2	
134	>>>>>	2	2	1	
135	>><>>	1	1	2	
136	<<><<	2	2	2	
137	>><>>	1	1	2	
138	<<><<	2	2	2	
139	<<><<	2	2	2	
140	<<<<<	1	1	1	
141	>><>>	1	1	2	
142	>><>>	1	1	2	
143	<<<<<	1	1	1	
144	>><>>	2	1	2	
145	<<<<<	1	1	1	
146	>><>>	1	1	2	
147	>>>>>	2	2	1	
148	>>>>>	2	2	1	
149	<<<<<	1	1	1	
150	>><>>	1	1	2	
