Respuestas
 EFT lento :
 PV
 Columnas: 
- numero 
- estimulo 
- respuesta: 1izq 2der  
- direc: 1izq 2der  
- congruencia 1:cong 2:incong 

1	>><>>	1	1	2	
2	>>>>>	2	2	1	
3	>>>>>	2	2	1	
4	<<><<	1	2	2	
5	<<<<<	1	1	1	
6	>>>>>	2	2	1	
7	>>>>>	2	2	1	
8	>>>>>	2	2	1	
9	<<<<<	1	1	1	
10	<<><<	2	2	2	
11	<<<<<	1	1	1	
12	>><>>	1	1	2	
13	>><>>	1	1	2	
14	>>>>>	2	2	1	
15	<<<<<	1	1	1	
16	>><>>	1	1	2	
17	>>>>>	2	2	1	
18	<<<<<	1	1	1	
19	<<<<<	1	1	1	
20	<<><<	2	2	2	
21	>>>>>	2	2	1	
22	>>>>>	2	2	1	
23	<<<<<	1	1	1	
24	<<><<	2	2	2	
25	>><>>	1	1	2	
26	<<<<<	1	1	1	
27	<<<<<	1	1	1	
28	<<<<<	1	1	1	
29	>>>>>	2	2	1	
30	>>>>>	1	2	1	
31	>><>>	1	1	2	
32	<<><<	2	2	2	
33	<<<<<	1	1	1	
34	<<><<	2	2	2	
35	>><>>	1	1	2	
36	<<<<<	1	1	1	
37	>>>>>	2	2	1	
38	>>>>>	2	2	1	
39	<<<<<	1	1	1	
40	>>>>>	2	2	1	
41	>><>>	1	1	2	
42	>><>>	1	1	2	
43	>>>>>	2	2	1	
44	>>>>>	2	2	1	
45	<<><<	2	2	2	
46	>><>>	1	1	2	
47	<<<<<	1	1	1	
48	>><>>	1	1	2	
49	>><>>	1	1	2	
50	>><>>	1	1	2	
51	>><>>	1	1	2	
52	>>>>>	2	2	1	
53	<<<<<	1	1	1	
54	>>>>>	2	2	1	
55	>><>>	1	1	2	
56	<<><<	2	2	2	
57	>>>>>	2	2	1	
58	<<><<	2	2	2	
59	>>>>>	2	2	1	
60	>><>>	1	1	2	
61	>>>>>	2	2	1	
62	>>>>>	2	2	1	
63	>>>>>	2	2	1	
64	<<<<<	1	1	1	
65	<<><<	2	2	2	
66	<<><<	2	2	2	
67	>>>>>	2	2	1	
68	<<<<<	1	1	1	
69	>>>>>	2	2	1	
70	<<><<	1	2	2	
71	<<><<	2	2	2	
72	<<><<	2	2	2	
73	>>>>>	2	2	1	
74	<<<<<	1	1	1	
75	<<><<	2	2	2	
76	<<<<<	1	1	1	
77	>><>>	1	1	2	
78	<<><<	2	2	2	
79	>><>>	1	1	2	
80	<<><<	2	2	2	
81	>>>>>	2	2	1	
82	>>>>>	2	2	1	
83	>><>>	1	1	2	
84	<<<<<	1	1	1	
85	<<><<	2	2	2	
86	>><>>	1	1	2	
87	>><>>	1	1	2	
88	>>>>>	2	2	1	
89	>><>>	1	1	2	
90	<<<<<	1	1	1	
91	<<<<<	1	1	1	
92	<<><<	2	2	2	
93	>><>>	1	1	2	
94	>>>>>	2	2	1	
95	>><>>	1	1	2	
96	>><>>	1	1	2	
97	>><>>	1	1	2	
98	>><>>	1	1	2	
99	<<><<	2	2	2	
100	>><>>	1	1	2	
101	>>>>>	2	2	1	
102	<<><<	2	2	2	
103	<<<<<	1	1	1	
104	<<<<<	1	1	1	
105	>>>>>	2	2	1	
106	<<<<<	1	1	1	
107	>><>>	1	1	2	
108	<<<<<	1	1	1	
109	>><>>	1	1	2	
110	>><>>	1	1	2	
111	>><>>	1	1	2	
112	>><>>	1	1	2	
113	>>>>>	2	2	1	
114	>><>>	1	1	2	
115	>><>>	1	1	2	
116	<<><<	2	2	2	
117	<<><<	2	2	2	
118	>><>>	1	1	2	
119	<<<<<	1	1	1	
120	>>>>>	2	2	1	
121	<<<<<	1	1	1	
122	<<<<<	1	1	1	
123	<<><<	2	2	2	
124	>>>>>	2	2	1	
125	>>>>>	2	2	1	
126	>><>>	1	1	2	
127	>>>>>	2	2	1	
128	<<<<<	1	1	1	
129	<<<<<	1	1	1	
130	<<<<<	1	1	1	
131	>>>>>	2	2	1	
132	<<><<	2	2	2	
133	>><>>	1	1	2	
134	>><>>	1	1	2	
135	<<<<<	1	1	1	
136	<<><<	2	2	2	
137	<<<<<	1	1	1	
138	<<<<<	1	1	1	
139	>>>>>	2	2	1	
140	<<><<	2	2	2	
141	<<<<<	1	1	1	
142	>>>>>	2	2	1	
143	<<<<<	1	1	1	
144	>><>>	1	1	2	
145	<<<<<	2	1	1	
146	>>>>>	2	2	1	
147	>>>>>	2	2	1	
148	<<><<	2	2	2	
149	<<><<	2	2	2	
150	<<<<<	1	1	1	
1	>><>>	1	1	2	
2	<<<<<	1	1	1	
3	<<><<	2	2	2	
4	<<><<	2	2	2	
5	>>>>>	2	2	1	
6	>><>>	1	1	2	
7	>>>>>	2	2	1	
8	>>>>>	2	2	1	
9	>><>>	1	1	2	
10	>>>>>	2	2	1	
11	>>>>>	2	2	1	
12	<<<<<	1	1	1	
13	>>>>>	2	2	1	
14	>><>>	1	1	2	
15	<<<<<	1	1	1	
16	>><>>	1	1	2	
17	>>>>>	2	2	1	
18	>><>>	1	1	2	
19	>>>>>	2	2	1	
20	<<><<	1	2	2	
21	<<<<<	1	1	1	
22	<<<<<	1	1	1	
23	>>>>>	2	2	1	
24	>><>>	1	1	2	
25	>><>>	1	1	2	
26	<<><<	2	2	2	
27	<<><<	1	2	2	
28	>><>>	1	1	2	
29	>>>>>	2	2	1	
30	<<><<	2	2	2	
31	>>>>>	2	2	1	
32	>><>>	1	1	2	
33	>>>>>	2	2	1	
34	<<><<	2	2	2	
35	<<><<	2	2	2	
36	<<<<<	1	1	1	
37	>>>>>	2	2	1	
38	>>>>>	2	2	1	
39	<<<<<	1	1	1	
40	<<><<	2	2	2	
41	<<><<	2	2	2	
42	>><>>	1	1	2	
43	>>>>>	2	2	1	
44	<<<<<	1	1	1	
45	<<<<<	1	1	1	
46	<<<<<	1	1	1	
47	<<<<<	1	1	1	
48	<<<<<	1	1	1	
49	>><>>	1	1	2	
50	>><>>	1	1	2	
51	>><>>	1	1	2	
52	<<><<	2	2	2	
53	>><>>	1	1	2	
54	<<<<<	1	1	1	
55	>>>>>	2	2	1	
56	<<<<<	1	1	1	
57	>>>>>	1	2	1	
58	>><>>	1	1	2	
59	>><>>	1	1	2	
60	>><>>	1	1	2	
61	<<<<<	1	1	1	
62	<<<<<	1	1	1	
63	<<><<	2	2	2	
64	<<><<	2	2	2	
65	>>>>>	2	2	1	
66	>><>>	1	1	2	
67	>><>>	1	1	2	
68	>><>>	1	1	2	
69	>>>>>	2	2	1	
70	>>>>>	2	2	1	
71	>><>>	1	1	2	
72	<<<<<	1	1	1	
73	>><>>	1	1	2	
74	>><>>	1	1	2	
75	>>>>>	2	2	1	
76	<<><<	2	2	2	
77	>>>>>	2	2	1	
78	<<><<	2	2	2	
79	>><>>	1	1	2	
80	<<<<<	1	1	1	
81	<<<<<	1	1	1	
82	<<<<<	1	1	1	
83	>><>>	1	1	2	
84	>>>>>	2	2	1	
85	<<><<	2	2	2	
86	>>>>>	2	2	1	
87	>>>>>	2	2	1	
88	>>>>>	2	2	1	
89	<<<<<	1	1	1	
90	>>>>>	2	2	1	
91	>><>>	1	1	2	
92	>><>>	1	1	2	
93	<<<<<	1	1	1	
94	<<<<<	1	1	1	
95	<<<<<	1	1	1	
96	<<><<	2	2	2	
97	<<<<<	1	1	1	
98	<<><<	2	2	2	
99	<<<<<	1	1	1	
100	<<<<<	1	1	1	
101	>><>>	1	1	2	
102	<<><<	2	2	2	
103	>>>>>	2	2	1	
104	>><>>	1	1	2	
105	<<<<<	1	1	1	
106	>><>>	2	1	2	
107	>>>>>	2	2	1	
108	<<><<	2	2	2	
109	>>>>>	2	2	1	
110	<<<<<	1	1	1	
111	<<><<	2	2	2	
112	<<<<<	1	1	1	
113	>>>>>	2	2	1	
114	<<<<<	1	1	1	
115	>>>>>	2	2	1	
116	>>>>>	1	2	1	
117	<<><<	2	2	2	
118	<<<<<	1	1	1	
119	<<<<<	1	1	1	
120	>><>>	1	1	2	
121	<<<<<	1	1	1	
122	<<<<<	1	1	1	
123	>>>>>	2	2	1	
124	>><>>	1	1	2	
125	>><>>	1	1	2	
126	<<<<<	1	1	1	
127	>><>>	1	1	2	
128	<<<<<	1	1	1	
129	>><>>	1	1	2	
130	>>>>>	2	2	1	
131	>>>>>	2	2	1	
132	>><>>	1	1	2	
133	>><>>	1	1	2	
134	>>>>>	2	2	1	
135	>><>>	1	1	2	
136	<<><<	2	2	2	
137	>>>>>	2	2	1	
138	<<><<	2	2	2	
139	>>>>>	2	2	1	
140	<<><<	2	2	2	
141	<<<<<	1	1	1	
142	<<<<<	1	1	1	
143	>>>>>	2	2	1	
144	>><>>	1	1	2	
145	<<><<	2	2	2	
146	<<><<	2	2	2	
147	>><>>	1	1	2	
148	>>>>>	2	2	1	
149	>>>>>	2	2	1	
150	<<<<<	1	1	1	
