Respuestas
 EFT rapido:
 SG
 Columnas: 
- numero 
- estimulo 
- respuesta: 1izq 2der  
- direc: 1izq 2der  
- congruencia 1:cong 2:incong 

1	>>>>>	2	2	1	
2	>>>>>	2	2	1	
3	>>>>>	2	2	1	
4	>>>>>	2	2	1	
5	<<><<	2	2	2	
6	<<><<	2	2	2	
7	<<<<<	1	1	1	
8	>><>>	2	1	2	
9	>><>>	1	1	2	
10	<<<<<	1	1	1	
11	<<><<	2	2	2	
12	>><>>	1	1	2	
13	>>>>>	2	2	1	
14	>><>>	1	1	2	
15	<<<<<	2	1	1	
16	>>>>>	2	2	1	
17	>>>>>	2	2	1	
18	>><>>	1	1	2	
19	>><>>	1	1	2	
20	>><>>	1	1	2	
21	<<><<	2	2	2	
22	<<><<	2	2	2	
23	<<><<	2	2	2	
24	>><>>	1	1	2	
25	<<><<	2	2	2	
26	>>>>>	1	2	1	
27	>><>>	1	1	2	
28	<<><<	2	2	2	
29	<<<<<	1	1	1	
30	>>>>>	2	2	1	
31	<<<<<	1	1	1	
32	<<><<	2	2	2	
33	<<<<<	1	1	1	
34	<<><<	2	2	2	
35	>>>>>	2	2	1	
36	<<><<	2	2	2	
37	<<><<	2	2	2	
38	<<<<<	1	1	1	
39	<<><<	2	2	2	
40	<<><<	1	2	2	
41	<<<<<	1	1	1	
42	>><>>	1	1	2	
43	<<<<<	2	1	1	
44	<<<<<	1	1	1	
45	<<><<	2	2	2	
46	<<<<<	1	1	1	
47	>><>>	1	1	2	
48	>>>>>	1	2	1	
49	>>>>>	2	2	1	
50	<<<<<	1	1	1	
51	>><>>	1	1	2	
52	<<><<	2	2	2	
53	>><>>	1	1	2	
54	>><>>	2	1	2	
55	>>>>>	1	2	1	
56	<<<<<	1	1	1	
57	<<<<<	1	1	1	
58	<<><<	2	2	2	
59	>>>>>	1	2	1	
60	<<><<	2	2	2	
61	<<<<<	1	1	1	
62	<<><<	2	2	2	
63	>><>>	1	1	2	
64	>><>>	2	1	2	
65	>>>>>	1	2	1	
66	>><>>	1	1	2	
67	>>>>>	2	2	1	
68	<<><<	2	2	2	
69	<<<<<	1	1	1	
70	<<<<<	1	1	1	
71	<<><<	2	2	2	
72	<<<<<	1	1	1	
73	<<<<<	1	1	1	
74	>><>>	1	1	2	
75	<<<<<	1	1	1	
76	>>>>>	2	2	1	
77	>>>>>	2	2	1	
78	>>>>>	2	2	1	
79	<<><<	2	2	2	
80	>><>>	1	1	2	
81	<<<<<	1	1	1	
82	>><>>	1	1	2	
83	>>>>>	2	2	1	
84	>><>>	1	1	2	
85	>><>>	2	1	2	
86	>><>>	1	1	2	
87	<<<<<	1	1	1	
88	<<><<	2	2	2	
89	<<<<<	1	1	1	
90	<<<<<	1	1	1	
91	<<><<	2	2	2	
92	>><>>	1	1	2	
93	<<<<<	2	1	1	
94	>><>>	1	1	2	
95	<<<<<	2	1	1	
96	>>>>>	2	2	1	
97	<<><<	2	2	2	
98	<<<<<	1	1	1	
99	>>>>>	2	2	1	
100	>><>>	1	1	2	
101	<<<<<	1	1	1	
102	<<><<	2	2	2	
103	<<><<	2	2	2	
104	<<><<	2	2	2	
105	<<><<	2	2	2	
106	>><>>	1	1	2	
107	<<<<<	2	1	1	
108	>>>>>	2	2	1	
109	>><>>	1	1	2	
110	>>>>>	2	2	1	
111	<<><<	2	2	2	
112	>>>>>	2	2	1	
113	>><>>	1	1	2	
114	<<><<	2	2	2	
115	>>>>>	2	2	1	
116	>>>>>	2	2	1	
117	>><>>	1	1	2	
118	>>>>>	2	2	1	
119	<<<<<	1	1	1	
120	<<><<	2	2	2	
121	>><>>	1	1	2	
122	<<><<	2	2	2	
123	>><>>	1	1	2	
124	>>>>>	2	2	1	
125	>>>>>	1	2	1	
126	>>>>>	2	2	1	
127	>><>>	1	1	2	
128	>>>>>	2	2	1	
129	<<<<<	1	1	1	
130	<<><<	2	2	2	
131	>><>>	2	1	2	
132	>><>>	2	1	2	
133	<<<<<	1	1	1	
134	>><>>	1	1	2	
135	>><>>	1	1	2	
136	>><>>	1	1	2	
137	<<<<<	1	1	1	
138	<<><<	2	2	2	
139	<<><<	2	2	2	
140	>><>>	1	1	2	
141	>><>>	1	1	2	
142	<<<<<	1	1	1	
143	<<><<	2	2	2	
144	<<<<<	1	1	1	
145	<<<<<	1	1	1	
146	<<<<<	1	1	1	
147	>>>>>	2	2	1	
148	<<><<	2	2	2	
149	<<<<<	1	1	1	
150	<<><<	2	2	2	
1	>>>>>	2	2	1	
2	>>>>>	2	2	1	
3	>><>>	2	1	2	
4	>>>>>	2	2	1	
5	<<><<	2	2	2	
6	>>>>>	2	2	1	
7	>>>>>	2	2	1	
8	<<<<<	1	1	1	
9	>><>>	1	1	2	
10	<<><<	2	2	2	
11	<<<<<	2	1	1	
12	<<<<<	1	1	1	
13	<<><<	2	2	2	
14	>><>>	1	1	2	
15	>>>>>	2	2	1	
16	<<><<	1	2	2	
17	<<><<	2	2	2	
18	<<<<<	1	1	1	
19	>>>>>	2	2	1	
20	<<><<	1	2	2	
21	<<<<<	1	1	1	
22	<<><<	2	2	2	
23	<<><<	2	2	2	
24	<<<<<	1	1	1	
25	<<><<	2	2	2	
26	>><>>	1	1	2	
27	>>>>>	2	2	1	
28	<<><<	2	2	2	
29	<<<<<	1	1	1	
30	>><>>	2	1	2	
31	>><>>	1	1	2	
32	>>>>>	2	2	1	
33	>>>>>	2	2	1	
34	<<><<	2	2	2	
35	>><>>	1	1	2	
36	<<<<<	2	1	1	
37	<<><<	2	2	2	
38	>><>>	1	1	2	
39	>>>>>	2	2	1	
40	<<<<<	1	1	1	
41	<<<<<	1	1	1	
42	<<<<<	1	1	1	
43	<<><<	2	2	2	
44	>>>>>	2	2	1	
45	>>>>>	2	2	1	
46	<<<<<	1	1	1	
47	>>>>>	2	2	1	
48	<<><<	1	2	2	
49	>>>>>	2	2	1	
50	>>>>>	2	2	1	
51	<<<<<	1	1	1	
52	<<><<	2	2	2	
53	<<<<<	1	1	1	
54	<<<<<	1	1	1	
55	<<<<<	1	1	1	
56	<<<<<	1	1	1	
57	<<<<<	1	1	1	
58	<<><<	2	2	2	
59	<<><<	2	2	2	
60	>><>>	1	1	2	
61	<<<<<	1	1	1	
62	>><>>	1	1	2	
63	>>>>>	2	2	1	
64	<<<<<	1	1	1	
65	>>>>>	2	2	1	
66	>>>>>	2	2	1	
67	>><>>	1	1	2	
68	>><>>	1	1	2	
69	<<><<	1	2	2	
70	<<<<<	1	1	1	
71	<<<<<	1	1	1	
72	<<<<<	1	1	1	
73	<<<<<	1	1	1	
74	>><>>	1	1	2	
75	<<><<	2	2	2	
76	<<><<	2	2	2	
77	>><>>	1	1	2	
78	<<<<<	1	1	1	
79	>>>>>	2	2	1	
80	<<<<<	1	1	1	
81	<<><<	2	2	2	
82	<<><<	1	2	2	
83	>><>>	1	1	2	
84	<<<<<	1	1	1	
85	<<<<<	1	1	1	
86	>><>>	1	1	2	
87	<<><<	2	2	2	
88	<<><<	1	2	2	
89	>><>>	1	1	2	
90	>><>>	1	1	2	
91	>><>>	1	1	2	
92	<<><<	2	2	2	
93	>><>>	1	1	2	
94	<<><<	2	2	2	
95	>>>>>	2	2	1	
96	<<<<<	1	1	1	
97	<<<<<	2	1	1	
98	<<<<<	2	1	1	
99	>>>>>	1	2	1	
100	<<<<<	1	1	1	
101	>>>>>	2	2	1	
102	>>>>>	2	2	1	
103	<<><<	2	2	2	
104	>><>>	1	1	2	
105	>>>>>	2	2	1	
106	<<><<	2	2	2	
107	>><>>	1	1	2	
108	<<<<<	2	1	1	
109	<<><<	2	2	2	
110	<<><<	2	2	2	
111	>>>>>	2	2	1	
112	>>>>>	2	2	1	
113	<<<<<	1	1	1	
114	>><>>	1	1	2	
115	<<><<	2	2	2	
116	<<><<	2	2	2	
117	>>>>>	2	2	1	
118	<<<<<	1	1	1	
119	<<<<<	1	1	1	
120	<<<<<	1	1	1	
121	>><>>	1	1	2	
122	<<<<<	1	1	1	
123	>><>>	1	1	2	
124	>><>>	1	1	2	
125	>><>>	1	1	2	
126	>><>>	1	1	2	
127	<<><<	1	2	2	
128	>>>>>	2	2	1	
129	>><>>	1	1	2	
130	>><>>	1	1	2	
131	>><>>	1	1	2	
132	>>>>>	1	2	1	
133	<<><<	2	2	2	
134	>>>>>	2	2	1	
135	<<<<<	1	1	1	
136	>><>>	1	1	2	
137	>><>>	1	1	2	
138	>><>>	1	1	2	
139	<<><<	2	2	2	
140	>><>>	1	1	2	
141	>><>>	1	1	2	
142	>><>>	1	1	2	
143	<<<<<	1	1	1	
144	>><>>	1	1	2	
145	>>>>>	2	2	1	
146	>><>>	1	1	2	
147	<<<<<	1	1	1	
148	>>>>>	2	2	1	
149	>><>>	1	1	2	
150	<<><<	2	2	2	
