Respuestas
 EFT lento :
 SG
 Columnas: 
- numero 
- estimulo 
- respuesta: 1izq 2der  
- direc: 1izq 2der  
- congruencia 1:cong 2:incong 

1	>><>>	1	1	2	
2	<<><<	2	2	2	
3	>>>>>	2	2	1	
4	>><>>	1	1	2	
5	>>>>>	2	2	1	
6	<<<<<	1	1	1	
7	<<<<<	1	1	1	
8	>><>>	1	1	2	
9	>><>>	2	1	2	
10	<<<<<	2	1	1	
11	<<><<	2	2	2	
12	<<><<	1	2	2	
13	<<><<	2	2	2	
14	>>>>>	2	2	1	
15	>>>>>	2	2	1	
16	>><>>	1	1	2	
17	<<<<<	1	1	1	
18	<<><<	2	2	2	
19	<<><<	2	2	2	
20	>>>>>	2	2	1	
21	>>>>>	2	2	1	
22	>>>>>	2	2	1	
23	<<<<<	2	1	1	
24	>><>>	2	1	2	
25	<<><<	2	2	2	
26	<<<<<	1	1	1	
27	>>>>>	1	2	1	
28	>><>>	1	1	2	
29	<<<<<	1	1	1	
30	>>>>>	2	2	1	
31	<<<<<	1	1	1	
32	<<><<	2	2	2	
33	>>>>>	2	2	1	
34	<<><<	2	2	2	
35	>>>>>	2	2	1	
36	>><>>	2	1	2	
37	>><>>	1	1	2	
38	<<<<<	1	1	1	
39	<<<<<	1	1	1	
40	>><>>	1	1	2	
41	<<><<	2	2	2	
42	<<><<	1	2	2	
43	<<<<<	1	1	1	
44	>><>>	1	1	2	
45	<<><<	2	2	2	
46	>><>>	1	1	2	
47	<<<<<	1	1	1	
48	<<<<<	1	1	1	
49	>><>>	1	1	2	
50	<<<<<	1	1	1	
51	>>>>>	2	2	1	
52	<<<<<	1	1	1	
53	<<<<<	1	1	1	
54	<<<<<	1	1	1	
55	<<<<<	1	1	1	
56	<<><<	2	2	2	
57	<<<<<	2	1	1	
58	<<<<<	1	1	1	
59	>>>>>	2	2	1	
60	>><>>	1	1	2	
61	>><>>	1	1	2	
62	>>>>>	2	2	1	
63	>><>>	1	1	2	
64	<<<<<	1	1	1	
65	<<<<<	1	1	1	
66	<<<<<	1	1	1	
67	<<><<	2	2	2	
68	<<><<	2	2	2	
69	>>>>>	2	2	1	
70	>>>>>	2	2	1	
71	>>>>>	2	2	1	
72	>><>>	2	1	2	
73	<<<<<	1	1	1	
74	<<><<	1	2	2	
75	>><>>	1	1	2	
76	<<><<	2	2	2	
77	<<<<<	2	1	1	
78	>><>>	1	1	2	
79	<<<<<	1	1	1	
80	<<<<<	1	1	1	
81	<<<<<	1	1	1	
82	<<><<	2	2	2	
83	>>>>>	2	2	1	
84	<<<<<	1	1	1	
85	>><>>	1	1	2	
86	<<><<	2	2	2	
87	>>>>>	2	2	1	
88	<<<<<	1	1	1	
89	>><>>	1	1	2	
90	<<<<<	1	1	1	
91	>><>>	2	1	2	
92	>><>>	1	1	2	
93	>><>>	1	1	2	
94	<<<<<	1	1	1	
95	<<<<<	1	1	1	
96	>><>>	1	1	2	
97	<<><<	2	2	2	
98	<<><<	1	2	2	
99	>><>>	2	1	2	
100	>>>>>	1	2	1	
101	<<<<<	1	1	1	
102	>>>>>	1	2	1	
103	>>>>>	1	2	1	
104	>><>>	1	1	2	
105	>><>>	2	1	2	
106	>>>>>	2	2	1	
107	>><>>	1	1	2	
108	>><>>	2	1	2	
109	<<<<<	1	1	1	
110	<<<<<	1	1	1	
111	>>>>>	1	2	1	
112	<<<<<	1	1	1	
113	>><>>	2	1	2	
114	<<><<	1	2	2	
115	<<><<	2	2	2	
116	>>>>>	2	2	1	
117	>><>>	1	1	2	
118	<<<<<	1	1	1	
119	<<<<<	1	1	1	
120	<<<<<	1	1	1	
121	<<><<	1	2	2	
122	<<><<	2	2	2	
123	>><>>	1	1	2	
124	>>>>>	2	2	1	
125	<<><<	1	2	2	
126	>>>>>	2	2	1	
127	<<<<<	1	1	1	
128	<<<<<	1	1	1	
129	<<><<	2	2	2	
130	<<><<	1	2	2	
131	<<<<<	1	1	1	
132	<<<<<	1	1	1	
133	<<><<	2	2	2	
134	<<<<<	1	1	1	
135	>>>>>	2	2	1	
136	>>>>>	2	2	1	
137	>>>>>	2	2	1	
138	>>>>>	2	2	1	
139	<<<<<	1	1	1	
140	>>>>>	2	2	1	
141	>><>>	1	1	2	
142	<<<<<	1	1	1	
143	>>>>>	2	2	1	
144	>><>>	2	1	2	
145	>>>>>	2	2	1	
146	>>>>>	2	2	1	
147	<<<<<	1	1	1	
148	>><>>	1	1	2	
149	>><>>	1	1	2	
150	>>>>>	2	2	1	
1	<<<<<	1	1	1	
2	>>>>>	2	2	1	
3	>><>>	1	1	2	
4	>>>>>	2	2	1	
5	<<><<	1	2	2	
6	>>>>>	2	2	1	
7	<<><<	2	2	2	
8	<<<<<	2	1	1	
9	<<><<	2	2	2	
10	<<<<<	1	1	1	
11	>><>>	1	1	2	
12	>>>>>	2	2	1	
13	>><>>	1	1	2	
14	>>>>>	2	2	1	
15	>>>>>	2	2	1	
16	<<><<	1	2	2	
17	>><>>	1	1	2	
18	<<><<	1	2	2	
19	<<><<	2	2	2	
20	<<<<<	2	1	1	
21	>><>>	1	1	2	
22	>>>>>	2	2	1	
23	<<><<	2	2	2	
24	<<<<<	1	1	1	
25	<<><<	2	2	2	
26	>>>>>	2	2	1	
27	<<><<	2	2	2	
28	>><>>	1	1	2	
29	<<><<	2	2	2	
30	<<><<	2	2	2	
31	<<><<	2	2	2	
32	<<<<<	1	1	1	
33	>><>>	1	1	2	
34	>>>>>	2	2	1	
35	<<><<	2	2	2	
36	>>>>>	2	2	1	
37	>>>>>	2	2	1	
38	<<<<<	1	1	1	
39	>>>>>	2	2	1	
40	>>>>>	2	2	1	
41	>><>>	1	1	2	
42	<<><<	2	2	2	
43	<<<<<	1	1	1	
44	<<><<	2	2	2	
45	<<><<	2	2	2	
46	>><>>	1	1	2	
47	<<<<<	1	1	1	
48	>><>>	2	1	2	
49	<<<<<	1	1	1	
50	<<><<	2	2	2	
51	>>>>>	2	2	1	
52	<<<<<	1	1	1	
53	<<><<	2	2	2	
54	>><>>	2	1	2	
55	<<<<<	1	1	1	
56	>><>>	1	1	2	
57	>><>>	1	1	2	
58	<<<<<	1	1	1	
59	<<<<<	1	1	1	
60	<<<<<	1	1	1	
61	>><>>	2	1	2	
62	>>>>>	2	2	1	
63	<<><<	1	2	2	
64	>><>>	1	1	2	
65	>><>>	1	1	2	
66	>>>>>	2	2	1	
67	<<><<	2	2	2	
68	>><>>	1	1	2	
69	>><>>	1	1	2	
70	>>>>>	2	2	1	
71	>>>>>	2	2	1	
72	<<<<<	1	1	1	
73	<<<<<	1	1	1	
74	<<<<<	1	1	1	
75	>>>>>	1	2	1	
76	<<><<	1	2	2	
77	<<><<	2	2	2	
78	>><>>	1	1	2	
79	>>>>>	2	2	1	
80	>><>>	1	1	2	
81	<<<<<	1	1	1	
82	>>>>>	2	2	1	
83	<<><<	2	2	2	
84	<<><<	2	2	2	
85	<<<<<	1	1	1	
86	>><>>	2	1	2	
87	>><>>	1	1	2	
88	<<><<	2	2	2	
89	>>>>>	2	2	1	
90	<<><<	2	2	2	
91	<<<<<	1	1	1	
92	>>>>>	2	2	1	
93	<<<<<	1	1	1	
94	>>>>>	2	2	1	
95	>>>>>	2	2	1	
96	>><>>	2	1	2	
97	<<><<	2	2	2	
98	<<<<<	1	1	1	
99	<<><<	2	2	2	
100	<<<<<	1	1	1	
101	>>>>>	2	2	1	
102	>>>>>	2	2	1	
103	>>>>>	2	2	1	
104	<<><<	2	2	2	
105	<<<<<	1	1	1	
106	>><>>	2	1	2	
107	<<<<<	1	1	1	
108	<<<<<	1	1	1	
109	>><>>	1	1	2	
110	<<<<<	1	1	1	
111	<<><<	2	2	2	
112	>>>>>	2	2	1	
113	>><>>	1	1	2	
114	<<<<<	1	1	1	
115	<<<<<	1	1	1	
116	>><>>	2	1	2	
117	>><>>	1	1	2	
118	>>>>>	2	2	1	
119	<<><<	2	2	2	
120	<<><<	1	2	2	
121	<<><<	2	2	2	
122	>><>>	1	1	2	
123	<<><<	2	2	2	
124	>><>>	1	1	2	
125	>>>>>	2	2	1	
126	<<<<<	1	1	1	
127	>>>>>	2	2	1	
128	<<<<<	1	1	1	
129	<<><<	2	2	2	
130	<<><<	2	2	2	
131	<<><<	1	2	2	
132	>><>>	2	1	2	
133	<<<<<	1	1	1	
134	<<<<<	1	1	1	
135	<<<<<	1	1	1	
136	>>>>>	2	2	1	
137	<<><<	2	2	2	
138	<<><<	1	2	2	
139	>>>>>	2	2	1	
140	>>>>>	2	2	1	
141	<<<<<	1	1	1	
142	>>>>>	2	2	1	
143	>><>>	2	1	2	
144	>>>>>	2	2	1	
145	>><>>	1	1	2	
146	>><>>	1	1	2	
147	<<><<	2	2	2	
148	>><>>	1	1	2	
149	>><>>	2	1	2	
150	>>>>>	2	2	1	
