Respuestas
 EFT lento :
 JV
 Columnas: 
- numero 
- estimulo 
- respuesta: 1izq 2der  
- direc: 1izq 2der  
- congruencia 1:cong 2:incong 

1	<<<<<	1	1	1	
2	<<><<	2	2	2	
3	<<<<<	1	1	1	
4	>>>>>	2	2	1	
5	<<><<	2	2	2	
6	<<><<	2	2	2	
7	>>>>>	2	2	1	
8	<<<<<	1	1	1	
9	<<><<	1	2	2	
10	>>>>>	2	2	1	
11	>><>>	1	1	2	
12	>><>>	2	1	2	
13	<<><<	2	2	2	
14	<<><<	2	2	2	
15	<<<<<	1	1	1	
16	>>>>>	2	2	1	
17	>>>>>	2	2	1	
18	>><>>	1	1	2	
19	>>>>>	1	2	1	
20	>><>>	1	1	2	
21	<<<<<	1	1	1	
22	>><>>	1	1	2	
23	>>>>>	2	2	1	
24	>><>>	1	1	2	
25	>>>>>	2	2	1	
26	>>>>>	2	2	1	
27	<<><<	2	2	2	
28	>><>>	1	1	2	
29	<<<<<	1	1	1	
30	<<><<	1	2	2	
31	<<<<<	1	1	1	
32	>>>>>	2	2	1	
33	>>>>>	2	2	1	
34	<<<<<	1	1	1	
35	<<<<<	1	1	1	
36	<<<<<	1	1	1	
37	<<<<<	1	1	1	
38	>><>>	1	1	2	
39	>>>>>	1	2	1	
40	>><>>	1	1	2	
41	>>>>>	1	2	1	
42	>><>>	1	1	2	
43	<<<<<	1	1	1	
44	>>>>>	2	2	1	
45	<<<<<	1	1	1	
46	>>>>>	2	2	1	
47	>><>>	1	1	2	
48	<<><<	2	2	2	
49	>><>>	1	1	2	
50	<<><<	2	2	2	
51	<<><<	1	2	2	
52	<<><<	2	2	2	
53	>>>>>	2	2	1	
54	>><>>	1	1	2	
55	<<><<	2	2	2	
56	>><>>	1	1	2	
57	>>>>>	2	2	1	
58	<<><<	2	2	2	
59	<<<<<	1	1	1	
60	<<><<	2	2	2	
61	<<><<	2	2	2	
62	>>>>>	2	2	1	
63	>><>>	1	1	2	
64	>><>>	1	1	2	
65	>>>>>	2	2	1	
66	<<><<	2	2	2	
67	<<<<<	1	1	1	
68	>><>>	1	1	2	
69	<<<<<	1	1	1	
70	<<><<	2	2	2	
71	<<<<<	1	1	1	
72	<<><<	2	2	2	
73	>><>>	1	1	2	
74	<<<<<	1	1	1	
75	>>>>>	2	2	1	
76	<<<<<	2	1	1	
77	>><>>	1	1	2	
78	>><>>	1	1	2	
79	<<<<<	1	1	1	
80	<<><<	2	2	2	
81	<<<<<	1	1	1	
82	<<<<<	1	1	1	
83	>>>>>	1	2	1	
84	>>>>>	2	2	1	
85	<<><<	2	2	2	
86	<<<<<	2	1	1	
87	<<><<	2	2	2	
88	<<><<	1	2	2	
89	<<<<<	1	1	1	
90	>><>>	2	1	2	
91	>>>>>	2	2	1	
92	<<><<	1	2	2	
93	<<<<<	1	1	1	
94	>><>>	1	1	2	
95	<<><<	2	2	2	
96	>><>>	1	1	2	
97	>><>>	1	1	2	
98	<<><<	2	2	2	
99	>>>>>	2	2	1	
100	<<<<<	1	1	1	
101	<<<<<	1	1	1	
102	<<<<<	1	1	1	
103	<<><<	2	2	2	
104	<<><<	2	2	2	
105	<<><<	2	2	2	
106	<<<<<	2	1	1	
107	>>>>>	2	2	1	
108	>>>>>	2	2	1	
109	<<<<<	1	1	1	
110	>><>>	1	1	2	
111	>><>>	1	1	2	
112	<<><<	2	2	2	
113	>><>>	1	1	2	
114	<<<<<	1	1	1	
115	<<><<	2	2	2	
116	<<><<	1	2	2	
117	>><>>	1	1	2	
118	>><>>	1	1	2	
119	<<<<<	1	1	1	
120	>>>>>	1	2	1	
121	<<><<	1	2	2	
122	<<><<	1	2	2	
123	>><>>	2	1	2	
124	>><>>	1	1	2	
125	<<<<<	1	1	1	
126	>><>>	1	1	2	
127	<<<<<	1	1	1	
128	>>>>>	1	2	1	
129	>><>>	1	1	2	
130	>>>>>	2	2	1	
131	<<<<<	2	1	1	
132	>><>>	2	1	2	
133	<<><<	2	2	2	
134	>><>>	1	1	2	
135	<<><<	2	2	2	
136	>><>>	1	1	2	
137	<<><<	2	2	2	
138	<<<<<	1	1	1	
139	<<<<<	1	1	1	
140	>><>>	1	1	2	
141	>>>>>	2	2	1	
142	<<><<	2	2	2	
143	<<<<<	1	1	1	
144	<<><<	2	2	2	
145	<<<<<	1	1	1	
146	<<<<<	1	1	1	
147	<<<<<	1	1	1	
148	>>>>>	2	2	1	
149	>>>>>	2	2	1	
150	>><>>	1	1	2	
1	>>>>>	2	2	1	
2	>>>>>	2	2	1	
3	<<<<<	1	1	1	
4	>><>>	1	1	2	
5	<<><<	2	2	2	
6	<<><<	2	2	2	
7	>><>>	1	1	2	
8	>>>>>	2	2	1	
9	<<><<	2	2	2	
10	<<><<	1	2	2	
11	>><>>	1	1	2	
12	>>>>>	2	2	1	
13	>>>>>	2	2	1	
14	>>>>>	2	2	1	
15	<<><<	2	2	2	
16	>><>>	1	1	2	
17	>>>>>	2	2	1	
18	<<<<<	1	1	1	
19	>><>>	1	1	2	
20	<<<<<	1	1	1	
21	<<<<<	1	1	1	
22	<<<<<	1	1	1	
23	>><>>	1	1	2	
24	<<><<	2	2	2	
25	<<><<	2	2	2	
26	>>>>>	2	2	1	
27	<<<<<	1	1	1	
28	<<<<<	1	1	1	
29	<<<<<	1	1	1	
30	<<><<	2	2	2	
31	<<<<<	1	1	1	
32	<<><<	2	2	2	
33	>><>>	1	1	2	
34	<<><<	2	2	2	
35	<<<<<	1	1	1	
36	>><>>	1	1	2	
37	<<><<	2	2	2	
38	>>>>>	2	2	1	
39	<<><<	2	2	2	
40	>>>>>	2	2	1	
41	<<><<	2	2	2	
42	<<<<<	1	1	1	
43	>><>>	1	1	2	
44	>>>>>	2	2	1	
45	>>>>>	2	2	1	
46	>><>>	1	1	2	
47	>>>>>	2	2	1	
48	>>>>>	2	2	1	
49	>>>>>	2	2	1	
50	<<><<	2	2	2	
51	>>>>>	2	2	1	
52	>><>>	1	1	2	
53	>>>>>	2	2	1	
54	>>>>>	2	2	1	
55	<<<<<	1	1	1	
56	<<><<	1	2	2	
57	>>>>>	2	2	1	
58	<<><<	2	2	2	
59	<<<<<	1	1	1	
60	>>>>>	2	2	1	
61	<<><<	2	2	2	
62	>><>>	1	1	2	
63	>>>>>	2	2	1	
64	>><>>	1	1	2	
65	>><>>	2	1	2	
66	>>>>>	2	2	1	
67	>><>>	1	1	2	
68	>><>>	2	1	2	
69	>>>>>	2	2	1	
70	>>>>>	2	2	1	
71	<<><<	2	2	2	
72	>>>>>	2	2	1	
73	>>>>>	2	2	1	
74	<<><<	2	2	2	
75	<<><<	2	2	2	
76	<<<<<	1	1	1	
77	>>>>>	2	2	1	
78	>>>>>	2	2	1	
79	>><>>	1	1	2	
80	>>>>>	2	2	1	
81	<<<<<	1	1	1	
82	<<<<<	1	1	1	
83	>><>>	1	1	2	
84	>><>>	2	1	2	
85	<<><<	2	2	2	
86	<<><<	2	2	2	
87	<<><<	2	2	2	
88	<<<<<	1	1	1	
89	<<<<<	1	1	1	
90	>><>>	2	1	2	
91	<<><<	2	2	2	
92	>>>>>	2	2	1	
93	>>>>>	2	2	1	
94	<<><<	2	2	2	
95	<<><<	2	2	2	
96	<<><<	2	2	2	
97	>><>>	1	1	2	
98	<<><<	2	2	2	
99	<<<<<	1	1	1	
100	<<<<<	1	1	1	
101	>><>>	1	1	2	
102	<<<<<	1	1	1	
103	>><>>	2	1	2	
104	<<><<	2	2	2	
105	>><>>	1	1	2	
106	<<<<<	1	1	1	
107	>><>>	1	1	2	
108	<<<<<	1	1	1	
109	>><>>	1	1	2	
110	>>>>>	2	2	1	
111	>><>>	1	1	2	
112	>><>>	2	1	2	
113	>>>>>	2	2	1	
114	<<><<	2	2	2	
115	<<><<	2	2	2	
116	>><>>	2	1	2	
117	<<<<<	2	1	1	
118	>>>>>	2	2	1	
119	<<<<<	2	1	1	
120	>><>>	2	1	2	
121	>>>>>	2	2	1	
122	<<><<	2	2	2	
123	<<<<<	2	1	1	
124	<<><<	2	2	2	
125	>><>>	2	1	2	
126	>>>>>	2	2	1	
127	<<><<	2	2	2	
128	<<<<<	1	1	1	
129	<<<<<	1	1	1	
130	>><>>	1	1	2	
131	>><>>	1	1	2	
132	<<<<<	1	1	1	
133	<<><<	1	2	2	
134	>>>>>	2	2	1	
135	>><>>	2	1	2	
136	>><>>	2	1	2	
137	>>>>>	2	2	1	
138	<<><<	2	2	2	
139	>><>>	1	1	2	
140	<<><<	1	2	2	
141	>><>>	2	1	2	
142	<<><<	2	2	2	
143	>>>>>	2	2	1	
144	>>>>>	2	2	1	
145	<<><<	2	2	2	
146	>>>>>	2	2	1	
147	<<<<<	1	1	1	
148	>><>>	1	1	2	
149	<<><<	2	2	2	
150	>>>>>	2	2	1	
