Respuestas
 EFT rapido:
 JV
 Columnas: 
- numero 
- estimulo 
- respuesta: 1izq 2der  
- direc: 1izq 2der  
- congruencia 1:cong 2:incong 

1	>><>>	1	1	2	
2	<<><<	2	2	2	
3	>>>>>	2	2	1	
4	>><>>	1	1	2	
5	<<><<	2	2	2	
6	>>>>>	1	2	1	
7	>><>>	1	1	2	
8	>>>>>	2	2	1	
9	>>>>>	2	2	1	
10	<<><<	2	2	2	
11	>><>>	1	1	2	
12	>>>>>	2	2	1	
13	>>>>>	2	2	1	
14	<<><<	2	2	2	
15	<<<<<	1	1	1	
16	<<><<	2	2	2	
17	>>>>>	2	2	1	
18	<<<<<	1	1	1	
19	>>>>>	2	2	1	
20	<<><<	2	2	2	
21	>><>>	1	1	2	
22	<<<<<	1	1	1	
23	>>>>>	2	2	1	
24	<<><<	2	2	2	
25	>>>>>	2	2	1	
26	>>>>>	2	2	1	
27	>>>>>	2	2	1	
28	<<<<<	1	1	1	
29	<<<<<	1	1	1	
30	>><>>	1	1	2	
31	>>>>>	2	2	1	
32	<<<<<	1	1	1	
33	<<><<	2	2	2	
34	>><>>	1	1	2	
35	<<<<<	1	1	1	
36	<<><<	2	2	2	
37	<<><<	2	2	2	
38	>><>>	1	1	2	
39	>><>>	1	1	2	
40	<<<<<	1	1	1	
41	<<><<	2	2	2	
42	>>>>>	2	2	1	
43	>><>>	1	1	2	
44	<<><<	2	2	2	
45	<<><<	2	2	2	
46	<<><<	2	2	2	
47	<<><<	2	2	2	
48	<<<<<	1	1	1	
49	>><>>	1	1	2	
50	<<><<	2	2	2	
51	>><>>	1	1	2	
52	<<<<<	1	1	1	
53	<<><<	2	2	2	
54	<<<<<	1	1	1	
55	>>>>>	2	2	1	
56	>><>>	1	1	2	
57	>><>>	1	1	2	
58	<<<<<	1	1	1	
59	<<<<<	1	1	1	
60	>><>>	1	1	2	
61	>><>>	1	1	2	
62	>>>>>	2	2	1	
63	<<><<	2	2	2	
64	>>>>>	2	2	1	
65	<<<<<	1	1	1	
66	>>>>>	2	2	1	
67	>>>>>	2	2	1	
68	<<><<	2	2	2	
69	<<<<<	1	1	1	
70	<<><<	2	2	2	
71	>><>>	1	1	2	
72	<<<<<	1	1	1	
73	>>>>>	2	2	1	
74	<<<<<	1	1	1	
75	<<<<<	1	1	1	
76	<<<<<	1	1	1	
77	>>>>>	2	2	1	
78	<<<<<	1	1	1	
79	>><>>	1	1	2	
80	>><>>	1	1	2	
81	>>>>>	2	2	1	
82	>><>>	1	1	2	
83	>><>>	1	1	2	
84	<<><<	2	2	2	
85	<<><<	2	2	2	
86	>>>>>	2	2	1	
87	>><>>	1	1	2	
88	>>>>>	2	2	1	
89	<<><<	2	2	2	
90	<<<<<	1	1	1	
91	>>>>>	2	2	1	
92	<<<<<	1	1	1	
93	<<<<<	1	1	1	
94	>>>>>	2	2	1	
95	>><>>	1	1	2	
96	>><>>	1	1	2	
97	>>>>>	2	2	1	
98	>><>>	1	1	2	
99	>>>>>	2	2	1	
100	>><>>	1	1	2	
101	<<<<<	2	1	1	
102	>><>>	1	1	2	
103	>>>>>	2	2	1	
104	<<<<<	1	1	1	
105	>>>>>	2	2	1	
106	>><>>	1	1	2	
107	>><>>	1	1	2	
108	>>>>>	1	2	1	
109	<<<<<	1	1	1	
110	<<><<	2	2	2	
111	>><>>	1	1	2	
112	<<<<<	1	1	1	
113	<<><<	1	2	2	
114	>><>>	1	1	2	
115	>><>>	1	1	2	
116	<<><<	2	2	2	
117	<<<<<	1	1	1	
118	<<><<	2	2	2	
119	<<<<<	1	1	1	
120	<<><<	2	2	2	
121	<<<<<	1	1	1	
122	>>>>>	2	2	1	
123	<<><<	2	2	2	
124	<<><<	2	2	2	
125	<<<<<	1	1	1	
126	>>>>>	2	2	1	
127	<<<<<	1	1	1	
128	>>>>>	2	2	1	
129	<<<<<	1	1	1	
130	<<<<<	1	1	1	
131	<<<<<	1	1	1	
132	<<<<<	1	1	1	
133	<<<<<	1	1	1	
134	>><>>	1	1	2	
135	<<><<	2	2	2	
136	>>>>>	1	2	1	
137	>><>>	2	1	2	
138	>>>>>	2	2	1	
139	>><>>	1	1	2	
140	>>>>>	2	2	1	
141	>>>>>	1	2	1	
142	<<<<<	2	1	1	
143	<<<<<	1	1	1	
144	>><>>	2	1	2	
145	<<><<	2	2	2	
146	>>>>>	2	2	1	
147	>><>>	1	1	2	
148	<<><<	2	2	2	
149	<<<<<	1	1	1	
150	>><>>	2	1	2	
1	<<<<<	1	1	1	
2	<<><<	1	2	2	
3	>>>>>	2	2	1	
4	<<<<<	1	1	1	
5	<<<<<	2	1	1	
6	<<><<	2	2	2	
7	<<<<<	1	1	1	
8	<<<<<	1	1	1	
9	<<><<	2	2	2	
10	>><>>	1	1	2	
11	<<><<	2	2	2	
12	>><>>	1	1	2	
13	>><>>	1	1	2	
14	>><>>	1	1	2	
15	>><>>	1	1	2	
16	>>>>>	2	2	1	
17	<<><<	1	2	2	
18	<<<<<	1	1	1	
19	>><>>	1	1	2	
20	>><>>	1	1	2	
21	<<><<	2	2	2	
22	>>>>>	2	2	1	
23	>><>>	2	1	2	
24	>>>>>	2	2	1	
25	>>>>>	2	2	1	
26	>>>>>	2	2	1	
27	<<><<	2	2	2	
28	<<<<<	1	1	1	
29	<<<<<	1	1	1	
30	>><>>	1	1	2	
31	<<<<<	1	1	1	
32	>><>>	1	1	2	
33	<<<<<	1	1	1	
34	<<<<<	1	1	1	
35	<<><<	2	2	2	
36	<<><<	2	2	2	
37	>>>>>	2	2	1	
38	<<<<<	1	1	1	
39	>><>>	1	1	2	
40	<<<<<	1	1	1	
41	<<<<<	1	1	1	
42	<<><<	2	2	2	
43	<<<<<	1	1	1	
44	>><>>	1	1	2	
45	>>>>>	1	2	1	
46	>>>>>	2	2	1	
47	>>>>>	2	2	1	
48	>>>>>	2	2	1	
49	<<<<<	2	1	1	
50	<<><<	2	2	2	
51	<<><<	2	2	2	
52	<<<<<	1	1	1	
53	<<<<<	1	1	1	
54	<<><<	2	2	2	
55	<<<<<	1	1	1	
56	<<<<<	1	1	1	
57	<<<<<	1	1	1	
58	<<><<	2	2	2	
59	<<<<<	1	1	1	
60	>>>>>	2	2	1	
61	>>>>>	2	2	1	
62	<<><<	1	2	2	
63	>>>>>	2	2	1	
64	>><>>	1	1	2	
65	>>>>>	2	2	1	
66	<<<<<	1	1	1	
67	<<><<	2	2	2	
68	<<<<<	1	1	1	
69	>>>>>	2	2	1	
70	>><>>	1	1	2	
71	>><>>	1	1	2	
72	<<><<	2	2	2	
73	<<><<	2	2	2	
74	<<><<	2	2	2	
75	>>>>>	2	2	1	
76	<<<<<	1	1	1	
77	<<<<<	1	1	1	
78	<<<<<	1	1	1	
79	>><>>	1	1	2	
80	>>>>>	2	2	1	
81	<<<<<	1	1	1	
82	<<<<<	1	1	1	
83	<<<<<	1	1	1	
84	<<><<	2	2	2	
85	>><>>	1	1	2	
86	<<><<	1	2	2	
87	<<><<	1	2	2	
88	<<<<<	1	1	1	
89	>><>>	1	1	2	
90	>><>>	1	1	2	
91	<<<<<	1	1	1	
92	<<><<	2	2	2	
93	>>>>>	1	2	1	
94	>><>>	1	1	2	
95	<<><<	1	2	2	
96	<<<<<	1	1	1	
97	<<<<<	1	1	1	
98	>><>>	1	1	2	
99	>>>>>	2	2	1	
100	<<<<<	1	1	1	
101	<<<<<	1	1	1	
102	>><>>	1	1	2	
103	>>>>>	2	2	1	
104	>>>>>	2	2	1	
105	>><>>	2	1	2	
106	<<<<<	2	1	1	
107	>><>>	2	1	2	
108	<<<<<	1	1	1	
109	<<><<	2	2	2	
110	<<<<<	1	1	1	
111	>>>>>	2	2	1	
112	>><>>	1	1	2	
113	>>>>>	2	2	1	
114	>><>>	1	1	2	
115	<<<<<	1	1	1	
116	>><>>	1	1	2	
117	<<><<	2	2	2	
118	<<<<<	1	1	1	
119	<<<<<	1	1	1	
120	>><>>	1	1	2	
121	<<<<<	1	1	1	
122	>><>>	1	1	2	
123	>>>>>	2	2	1	
124	>><>>	1	1	2	
125	<<<<<	1	1	1	
126	<<<<<	1	1	1	
127	>>>>>	2	2	1	
128	<<<<<	1	1	1	
129	<<<<<	1	1	1	
130	<<<<<	1	1	1	
131	>><>>	1	1	2	
132	>>>>>	2	2	1	
133	>><>>	1	1	2	
134	>>>>>	2	2	1	
135	<<<<<	1	1	1	
136	<<<<<	1	1	1	
137	>>>>>	2	2	1	
138	>>>>>	2	2	1	
139	>><>>	1	1	2	
140	<<<<<	1	1	1	
141	>><>>	2	1	2	
142	>>>>>	1	2	1	
143	>><>>	1	1	2	
144	<<<<<	1	1	1	
145	<<<<<	1	1	1	
146	<<<<<	1	1	1	
147	>>>>>	2	2	1	
148	<<<<<	2	1	1	
149	<<<<<	1	1	1	
150	<<><<	2	2	2	
